"ID","age","height","weight","sbp","chol","ncigs","chd"
"1",44,68,190,140,220,30,0
"2",49,64,165,120,248,0,0
"3",44,67,155,106,285,10,0
"4",45,70,172,148,282,0,0
"5",58,68,175,120,202,25,0
"6",54,69,130,134,186,20,0
"7",42,65,155,120,205,12,0
"8",50,72,174,138,226,0,0
"9",45,69,160,128,169,0,0
"10",51,68,170,154,250,30,0
"11",56,73,177,120,276,12,0
"12",49,72,170,134,262,40,0
"13",40,72,182,114,242,25,0
"14",44,70,159,120,251,20,0
"15",39,69,185,130,181,0,0
"16",39,71,180,144,146,40,0
"17",45,70,170,140,222,20,0
"18",48,74,190,126,234,15,0
"19",46,65,148,124,344,15,0
"20",57,70,150,130,152,40,0
"21",49,68,160,124,252,0,0
"22",45,64,150,154,171,0,0
"23",44,66,143,124,254,17,0
"24",42,71,175,120,184,40,0
"25",50,72,165,120,253,0,0
"26",54,70,145,124,179,20,0
"27",59,70,169,150,256,0,0
"28",40,69,165,116,151,30,0
"29",53,71,180,130,199,10,0
"30",46,69,160,120,201,30,0
"31",58,72,195,126,222,0,0
"32",54,70,174,132,215,18,0
"33",44,67,152,130,223,15,0
"34",42,64,140,122,172,20,0
"35",44,69,155,124,232,0,0
"36",41,71,180,116,314,0,0
"37",55,71,170,130,251,10,0
"38",39,73,190,128,148,0,0
"39",53,71,187,122,199,35,0
"40",46,66,145,106,247,15,0
"41",43,71,145,116,242,20,0
"42",45,64,160,138,246,0,0
"43",39,74,192,130,211,0,0
"44",39,71,176,126,187,0,0
"45",51,71,175,126,237,0,0
"46",48,67,175,126,263,0,0
"47",52,69,154,112,224,0,0
"48",40,68,170,118,211,0,0
"49",52,69,176,140,222,0,0
"50",47,75,218,122,225,25,0
"51",48,67,183,114,285,0,0
"52",57,72,185,164,210,10,0
"53",41,68,142,102,199,23,0
"54",53,71,194,154,181,30,0
"55",39,68,235,150,252,0,0
"56",39,70,170,116,199,20,0
"57",43,69,160,124,231,0,0
"58",44,71,175,116,211,4,0
"59",47,69,177,140,273,30,0
"60",50,73,195,110,257,0,0
"61",50,70,170,118,208,0,0
"62",40,69,152,122,239,40,0
"63",40,74,210,124,243,30,0
"64",45,71,170,126,176,20,0
"65",42,74,190,144,217,0,0
"66",45,72,180,138,214,0,0
"67",50,72,150,112,212,30,0
"68",41,68,180,124,337,10,0
"69",39,71,172,124,178,20,0
"70",54,69,130,134,186,20,0
"71",50,70,173,128,258,30,0
"72",41,76,195,114,272,0,0
"73",52,64,142,142,262,40,0
"74",48,74,190,126,234,15,0
"75",49,64,165,120,248,0,0
"76",42,68,165,120,214,25,0
"77",40,72,160,118,214,15,0
"78",44,71,185,136,173,0,0
"79",59,66,165,138,272,20,0
"80",56,68,146,130,275,10,0
"81",44,70,180,190,337,30,0
"82",41,71,150,120,201,20,0
"83",41,70,175,122,206,1,0
"84",56,68,138,140,296,0,0
"85",40,68,175,120,174,0,0
"86",49,73,205,128,178,30,0
"87",48,75,185,120,220,0,0
"88",44,69,198,142,214,0,0
"89",39,69,125,110,233,10,0
"90",44,70,190,126,228,13,0
"91",51,69,162,134,239,0,0
"92",40,68,155,118,233,0,0
"93",40,72,195,118,244,30,0
"94",50,73,193,136,191,20,0
"95",48,67,154,142,191,25,0
"96",41,73,225,152,250,0,0
"97",49,69,185,130,216,0,0
"98",40,74,170,124,241,0,0
"99",53,68,160,116,194,0,0
"100",56,71,150,120,203,12,0
"101",46,66,156,132,191,0,0
"102",47,73,160,122,206,0,0
"103",49,69,180,150,255,10,0
"104",45,71,167,112,300,15,0
"105",54,73,170,130,195,0,0
"106",40,76,270,176,248,20,0
"107",39,69,165,114,168,0,0
"108",41,68,178,130,208,0,0
"109",39,68,160,124,163,25,0
"110",55,66,145,142,262,0,0
"111",40,67,150,130,274,20,0
"112",39,70,195,134,309,20,0
"113",42,73,206,124,233,0,0
"114",42,70,158,104,224,20,0
"115",59,70,167,118,220,16,0
"116",39,70,180,126,212,3,0
"117",42,71,160,126,310,0,0
"118",56,72,250,140,268,20,0
"119",59,70,175,122,215,40,0
"120",46,69,152,140,181,0,0
"121",46,66,155,120,218,18,0
"122",43,67,138,110,192,0,0
"123",46,75,196,124,254,0,0
"124",44,75,196,122,159,0,0
"125",52,70,140,110,215,0,0
"126",43,75,170,158,202,25,0
"127",46,65,145,120,181,0,0
"128",41,74,175,114,208,0,0
"129",56,69,131,134,244,20,0
"130",43,68,162,114,196,0,0
"131",42,69,160,124,220,0,0
"132",44,75,215,132,176,0,0
"133",43,72,175,114,209,0,0
"134",42,70,153,116,228,0,0
"135",51,72,165,132,244,6,0
"136",40,69,155,112,337,0,0
"137",41,67,151,120,260,0,0
"138",50,69,175,116,182,45,0
"139",46,72,175,120,224,0,0
"140",40,71,152,118,147,0,0
"141",53,70,172,116,194,0,0
"142",40,69,155,120,205,0,0
"143",45,69,172,120,232,0,0
"144",43,69,175,120,235,20,0
"145",43,70,173,124,251,0,0
"146",45,74,165,106,204,20,0
"147",51,69,164,152,272,40,0
"148",39,75,195,122,174,0,0
"149",56,69,158,130,216,0,0
"150",45,67,130,138,200,0,0
"151",55,72,198,114,177,40,0
"152",54,72,182,134,184,0,0
"153",40,67,140,126,189,0,0
"154",51,69,163,120,263,0,0
"155",54,67,152,118,214,0,0
"156",41,61,160,130,205,0,0
"157",40,68,155,118,233,0,0
"158",40,70,160,124,232,13,0
"159",49,71,187,116,248,0,0
"160",43,68,173,140,149,30,0
"161",45,71,190,132,190,0,0
"162",42,70,175,140,246,35,0
"163",55,70,168,130,234,0,0
"164",44,69,154,122,202,0,0
"165",52,70,178,110,222,30,0
"166",44,74,183,108,258,20,0
"167",39,71,173,126,236,0,0
"168",47,75,180,108,180,0,0
"169",42,69,163,114,227,40,0
"170",55,69,181,166,264,40,0
"171",39,73,180,130,203,0,0
"172",58,68,174,134,229,0,0
"173",43,73,190,118,183,0,0
"174",49,68,169,132,304,20,0
"175",42,72,200,112,152,0,0
"176",50,71,178,130,250,30,0
"177",56,69,163,112,163,0,0
"178",39,67,165,138,162,20,0
"179",46,69,128,126,268,40,0
"180",45,66,120,104,369,0,0
"181",43,67,153,140,181,5,0
"182",48,72,175,170,184,0,0
"183",42,72,180,134,260,20,0
"184",40,69,170,114,250,0,0
"185",42,71,160,130,285,20,0
"186",46,73,197,170,232,30,0
"187",39,68,160,124,163,25,0
"188",39,69,132,114,219,20,0
"189",58,71,155,114,298,15,0
"190",48,70,158,142,203,0,0
"191",54,73,157,114,179,0,0
"192",49,69,143,130,193,20,0
"193",46,72,152,158,209,0,0
"194",40,64,146,142,231,30,0
"195",46,68,157,116,215,20,0
"196",54,70,160,164,260,20,0
"197",47,68,138,132,270,38,0
"198",40,71,175,134,266,0,0
"199",54,72,182,134,184,0,0
"200",41,66,175,138,243,40,0
"201",40,71,170,146,201,0,0
"202",46,75,196,124,254,0,0
"203",53,67,155,130,314,0,0
"204",43,65,140,140,263,0,0
"205",54,69,130,134,186,20,0
"206",40,73,184,122,194,15,0
"207",44,72,196,118,175,60,0
"208",56,70,165,150,255,0,0
"209",42,68,160,118,280,0,0
"210",53,73,198,116,186,0,0
"211",57,71,160,118,185,4,0
"212",40,69,180,118,288,40,0
"213",54,68,143,116,252,0,0
"214",57,69,157,106,246,0,0
"215",39,69,170,122,185,0,0
"216",45,65,130,120,229,0,0
"217",56,63,103,120,288,11,0
"218",58,68,175,142,190,1,0
"219",43,68,165,112,199,0,0
"220",54,73,170,130,195,0,0
"221",49,71,210,138,203,0,0
"222",45,68,160,110,205,15,0
"223",41,66,160,120,260,0,0
"224",49,71,210,138,203,0,0
"225",41,61,160,130,205,0,0
"226",39,72,178,134,174,0,0
"227",45,72,230,136,250,0,0
"228",45,68,172,154,229,40,0
"229",56,71,180,138,259,0,0
"230",40,75,225,116,185,0,0
"231",40,75,165,114,202,40,0
"232",43,71,173,130,227,0,0
"233",41,69,180,120,207,0,0
"234",45,67,145,110,223,30,0
"235",47,71,158,140,266,30,0
"236",42,71,165,130,191,0,0
"237",45,67,160,150,238,0,0
"238",39,70,185,130,172,0,0
"239",46,71,171,118,231,30,0
"240",57,69,157,106,246,0,0
"241",57,72,130,138,189,33,0
"242",46,71,182,128,235,0,0
"243",44,71,174,134,205,0,0
"244",47,68,162,142,260,25,0
"245",48,68,135,116,211,0,0
"246",40,68,145,124,230,0,0
"247",43,72,185,130,252,17,0
"248",44,68,150,124,179,0,0
"249",48,70,155,106,172,0,0
"250",45,73,150,126,187,40,0
"251",49,67,128,120,255,15,0
"252",57,68,160,128,298,0,0
"253",44,71,180,144,147,40,0
"254",46,67,160,152,247,17,0
"255",59,68,160,118,203,0,0
"256",48,69,205,128,288,0,0
"257",42,73,165,136,236,3,0
"258",52,73,168,142,224,18,0
"259",46,66,145,112,234,0,0
"260",47,69,178,110,173,20,0
"261",42,68,173,126,166,0,0
"262",40,75,163,116,199,0,0
"263",39,76,185,116,230,3,0
"264",46,70,144,114,208,20,0
"265",57,65,160,126,214,0,0
"266",39,67,158,114,236,5,0
"267",54,63,145,146,256,18,0
"268",41,72,190,142,227,0,0
"269",40,66,130,130,211,2,0
"270",46,74,185,120,265,20,0
"271",42,73,200,130,202,20,0
"272",46,69,172,128,244,0,0
"273",44,68,160,130,238,0,0
"274",54,65,167,174,287,20,0
"275",40,68,186,136,212,20,0
"276",48,72,170,126,218,0,0
"277",40,73,210,120,209,0,0
"278",41,70,170,114,199,0,0
"279",45,70,168,136,208,0,0
"280",43,70,174,208,240,0,0
"281",47,69,170,136,271,0,0
"282",39,66,145,114,227,0,0
"283",44,72,160,136,218,0,0
"284",40,68,144,132,196,0,0
"285",40,74,210,146,168,0,0
"286",40,69,150,100,214,10,0
"287",40,63,122,118,217,20,0
"288",48,71,155,146,205,0,0
"289",42,70,155,130,244,20,0
"290",40,68,157,110,274,20,0
"291",57,66,164,128,198,0,0
"292",49,66,148,110,250,20,0
"293",40,68,164,130,217,0,0
"294",52,70,175,124,187,0,0
"295",50,70,170,126,189,0,0
"296",52,70,185,130,228,10,0
"297",39,66,178,142,218,0,0
"298",41,69,239,150,224,0,0
"299",48,72,192,110,190,0,0
"300",44,67,158,112,182,0,0
"301",39,72,189,136,291,0,0
"302",56,68,187,140,232,20,0
"303",48,70,170,130,163,20,0
"304",58,70,175,138,192,20,0
"305",42,69,160,110,181,0,0
"306",50,70,165,148,314,0,0
"307",55,65,114,112,112,20,0
"308",40,68,160,130,192,0,0
"309",39,70,182,120,267,0,0
"310",47,70,185,144,279,25,0
"311",41,67,185,130,256,60,0
"312",42,70,160,150,222,30,0
"313",44,73,175,134,224,20,0
"314",39,71,170,132,229,20,0
"315",47,67,165,130,198,0,0
"316",43,70,160,136,195,5,0
"317",40,70,210,150,198,10,0
"318",39,72,165,116,220,0,0
"319",45,68,146,120,206,0,0
"320",41,73,180,142,326,25,0
"321",52,73,168,142,224,18,0
"322",42,67,140,122,201,0,0
"323",49,68,147,118,241,12,0
"324",46,66,142,114,262,17,0
"325",58,64,138,102,258,6,0
"326",40,68,160,140,185,50,0
"327",43,67,135,120,244,0,0
"328",49,68,160,114,316,25,0
"329",40,74,210,124,243,30,0
"330",43,69,170,130,233,0,0
"331",43,69,165,130,217,0,0
"332",57,69,165,114,206,0,0
"333",40,75,225,116,185,0,0
"334",46,66,162,134,222,15,0
"335",39,71,170,120,199,0,0
"336",54,67,150,110,242,12,0
"337",43,69,165,110,206,20,0
"338",50,70,150,130,263,12,0
"339",44,72,140,118,181,25,0
"340",42,69,180,120,149,0,0
"341",45,71,163,118,220,20,0
"342",42,73,180,110,190,0,0
"343",47,69,162,122,248,0,0
"344",55,66,165,144,194,0,0
"345",56,67,135,172,210,30,0
"346",47,66,178,124,254,0,0
"347",56,70,170,142,244,0,0
"348",43,72,155,136,194,30,0
"349",43,71,180,136,226,6,0
"350",44,68,173,122,267,36,0
"351",45,72,164,124,223,0,0
"352",42,72,180,134,260,20,0
"353",40,74,170,124,241,0,0
"354",53,68,135,120,171,12,0
"355",49,64,118,106,177,25,0
"356",40,70,162,122,190,0,0
"357",57,65,164,126,251,0,0
"358",52,72,173,148,244,0,0
"359",48,66,143,130,270,20,0
"360",40,71,155,120,274,0,0
"361",41,73,184,132,200,30,0
"362",41,76,198,120,255,0,0
"363",39,67,130,112,237,5,0
"364",44,71,175,130,219,0,0
"365",52,69,155,122,195,0,0
"366",44,71,152,110,212,20,0
"367",41,72,195,122,174,0,0
"368",46,70,187,126,192,0,0
"369",41,64,165,134,219,0,0
"370",48,68,170,134,211,0,0
"371",45,70,168,118,275,14,0
"372",54,69,130,134,186,20,0
"373",52,71,168,120,251,99,0
"374",53,73,195,122,279,0,0
"375",53,68,177,124,291,0,0
"376",43,70,148,130,232,40,0
"377",51,65,159,106,348,0,0
"378",41,71,163,114,209,30,0
"379",51,64,132,120,244,20,0
"380",54,69,175,120,216,0,0
"381",39,70,154,120,204,0,0
"382",52,70,152,124,315,0,0
"383",41,66,160,104,224,15,0
"384",41,70,153,136,248,30,0
"385",47,70,170,122,246,50,0
"386",44,70,185,136,288,20,0
"387",41,70,183,118,306,0,0
"388",42,65,125,118,222,15,0
"389",42,65,138,110,211,20,0
"390",47,69,170,130,205,40,0
"391",49,72,152,120,233,20,0
"392",55,68,170,140,113,0,0
"393",40,70,192,140,189,0,0
"394",41,66,145,116,256,50,0
"395",58,70,145,136,177,25,0
"396",39,67,150,114,176,0,0
"397",50,69,165,138,145,30,0
"398",47,68,168,110,225,0,0
"399",51,72,168,130,218,30,0
"400",55,69,181,166,264,40,0
"401",44,68,195,128,234,0,0
"402",47,72,186,120,172,0,0
"403",44,71,174,134,205,0,0
"404",49,70,148,130,239,20,0
"405",39,67,158,114,236,5,0
"406",44,71,162,112,272,30,0
"407",51,72,160,120,176,0,0
"408",47,67,148,120,251,0,0
"409",42,72,145,108,146,0,0
"410",52,70,210,180,290,0,0
"411",43,69,182,142,188,0,0
"412",45,69,180,140,348,20,0
"413",53,68,180,144,246,0,0
"414",52,73,195,144,267,20,0
"415",53,72,175,130,227,0,0
"416",48,67,160,146,224,0,0
"417",41,67,160,120,219,0,0
"418",42,70,172,144,174,0,0
"419",43,71,182,140,195,0,0
"420",42,66,165,114,218,0,0
"421",52,74,183,138,261,15,0
"422",56,73,177,120,276,12,0
"423",41,76,205,116,327,20,0
"424",39,66,140,114,190,30,0
"425",55,68,164,156,265,20,0
"426",43,75,178,120,194,7,0
"427",39,68,145,128,164,20,0
"428",53,72,195,138,254,30,0
"429",48,70,153,134,270,30,0
"430",40,69,160,110,256,0,0
"431",41,69,154,120,186,30,0
"432",56,71,179,112,202,0,0
"433",44,72,170,126,231,0,0
"434",53,64,210,150,206,20,0
"435",47,72,145,132,198,40,0
"436",43,71,162,140,201,7,0
"437",42,69,165,112,228,0,0
"438",53,68,170,170,246,20,0
"439",47,72,175,120,189,0,0
"440",59,70,169,150,256,0,0
"441",40,73,170,118,224,20,0
"442",40,68,160,120,176,0,0
"443",39,69,125,110,233,10,0
"444",44,68,180,148,232,40,0
"445",48,70,178,128,233,0,0
"446",46,68,140,142,203,20,0
"447",53,73,175,130,279,0,0
"448",45,74,215,130,244,15,0
"449",39,65,170,148,257,0,0
"450",43,70,210,126,191,0,0
"451",44,72,168,112,186,0,0
"452",57,74,172,144,250,40,0
"453",39,70,212,128,212,0,0
"454",44,72,185,124,175,0,0
"455",51,71,165,112,210,25,0
"456",47,73,186,140,241,35,0
"457",43,68,165,122,213,0,0
"458",39,71,175,126,339,10,0
"459",46,75,216,130,226,0,0
"460",40,71,195,114,198,40,0
"461",46,68,135,122,191,20,0
"462",41,66,145,120,227,0,0
"463",42,74,164,116,177,30,0
"464",51,73,168,112,245,30,0
"465",39,71,170,120,199,0,0
"466",40,70,160,110,151,0,0
"467",43,70,178,124,230,20,0
"468",47,66,156,120,216,0,0
"469",40,70,170,124,252,30,0
"470",44,67,142,124,184,0,0
"471",51,72,230,152,224,0,0
"472",46,66,150,140,212,0,0
"473",41,67,160,124,203,0,0
"474",56,71,168,116,222,30,0
"475",43,75,170,158,202,25,0
"476",50,72,165,114,180,0,0
"477",54,67,160,140,255,2,0
"478",41,75,197,110,225,30,0
"479",54,67,141,118,232,15,0
"480",55,71,172,154,236,35,0
"481",46,71,190,140,228,0,0
"482",51,71,176,128,240,20,0
"483",41,74,175,114,208,0,0
"484",48,70,158,142,203,0,0
"485",39,71,140,106,180,0,0
"486",41,70,164,116,220,0,0
"487",51,72,213,118,273,20,0
"488",39,70,175,116,322,25,0
"489",45,68,150,112,158,25,0
"490",47,70,185,144,279,25,0
"491",54,67,160,108,226,0,0
"492",39,68,195,112,238,18,0
"493",42,66,160,140,254,30,0
"494",50,66,155,128,291,25,0
"495",57,67,158,138,199,0,0
"496",46,71,180,110,260,0,0
"497",56,72,170,106,185,20,0
"498",45,70,176,130,245,40,0
"499",41,72,127,122,201,15,0
"500",42,71,160,130,285,20,0
"501",56,68,165,128,298,0,0
"502",39,72,172,114,222,0,0
"503",51,70,215,190,195,30,0
"504",41,72,158,130,180,0,0
"505",47,69,160,114,209,25,0
"506",46,71,163,128,241,10,0
"507",54,73,170,130,195,0,0
"508",43,68,175,144,260,40,0
"509",44,71,180,144,147,40,0
"510",50,71,180,120,187,17,0
"511",39,72,240,148,252,0,0
"512",52,68,160,128,217,15,0
"513",46,70,172,112,233,0,0
"514",45,68,168,120,222,25,0
"515",47,67,132,110,240,20,0
"516",49,71,170,130,187,0,0
"517",40,70,160,136,291,0,0
"518",51,66,165,130,301,18,0
"519",39,72,165,108,216,0,0
"520",49,73,150,110,225,25,0
"521",46,72,175,134,312,20,0
"522",47,68,171,150,164,0,0
"523",44,67,146,110,216,10,0
"524",43,66,168,120,212,0,0
"525",39,72,182,120,243,30,0
"526",39,70,165,138,200,40,0
"527",41,71,155,114,216,20,0
"528",45,69,160,128,169,0,0
"529",39,70,154,120,204,0,0
"530",51,68,160,126,170,0,0
"531",43,70,150,132,292,20,0
"532",48,68,178,148,237,0,0
"533",56,71,165,130,230,0,0
"534",48,71,182,114,197,0,0
"535",45,73,160,118,229,20,0
"536",46,69,187,142,306,30,0
"537",56,69,165,146,217,0,0
"538",40,72,190,132,212,0,0
"539",53,70,165,154,205,0,0
"540",51,70,165,164,214,20,0
"541",50,66,160,152,180,0,0
"542",51,67,160,144,260,30,0
"543",44,74,168,112,193,0,0
"544",40,66,145,128,219,0,0
"545",56,70,160,154,255,30,0
"546",56,65,130,100,297,30,0
"547",40,72,180,134,206,0,0
"548",45,74,204,130,221,0,0
"549",47,73,165,120,227,0,0
"550",44,72,170,140,268,0,0
"551",56,71,165,130,230,0,0
"552",47,72,180,140,205,0,0
"553",53,68,183,130,238,0,0
"554",46,73,194,132,325,50,0
"555",39,68,155,110,249,0,0
"556",53,71,192,130,190,0,0
"557",49,66,185,150,250,0,0
"558",50,69,190,140,317,0,0
"559",42,70,170,116,164,0,0
"560",46,68,135,122,191,20,0
"561",57,72,195,150,205,0,0
"562",47,71,170,136,203,0,0
"563",41,71,175,126,245,20,0
"564",46,69,170,122,190,20,0
"565",41,67,155,136,221,0,0
"566",55,72,175,126,213,0,0
"567",48,73,175,110,185,20,0
"568",51,69,200,136,193,0,0
"569",39,70,165,134,227,0,0
"570",45,71,185,132,224,30,0
"571",39,71,157,120,282,0,0
"572",55,73,175,122,200,0,0
"573",49,69,185,130,216,0,0
"574",44,73,210,170,243,50,0
"575",44,72,205,112,254,0,0
"576",52,70,175,124,187,0,0
"577",40,68,186,136,212,20,0
"578",44,71,210,150,231,0,0
"579",55,66,140,128,252,0,0
"580",45,70,157,120,210,0,0
"581",42,71,189,132,239,0,0
"582",45,68,183,122,209,0,0
"583",51,75,210,130,174,0,0
"584",41,66,140,130,244,0,0
"585",40,70,192,140,189,0,0
"586",51,72,167,144,194,20,0
"587",49,66,148,110,250,20,0
"588",46,70,190,150,248,7,0
"589",39,69,175,112,209,20,0
"590",45,72,164,120,226,25,0
"591",39,65,170,148,257,0,0
"592",44,72,190,120,248,25,0
"593",40,74,210,146,168,0,0
"594",43,68,165,122,213,0,0
"595",56,73,210,172,248,0,0
"596",42,70,132,120,244,30,0
"597",50,71,168,104,246,0,0
"598",39,73,227,124,234,20,0
"599",44,74,180,124,222,0,0
"600",49,67,128,156,218,30,0
"601",54,71,150,124,212,0,0
"602",39,66,135,120,264,0,0
"603",44,71,152,110,212,20,0
"604",48,67,156,140,232,40,0
"605",43,71,180,120,184,0,0
"606",52,65,129,116,222,35,0
"607",50,72,170,126,216,0,0
"608",41,67,176,136,233,24,0
"609",47,78,250,128,276,0,0
"610",42,67,160,150,175,0,0
"611",47,70,145,120,225,25,0
"612",57,67,152,120,289,0,0
"613",58,67,136,148,227,20,0
"614",49,68,155,124,228,0,0
"615",50,71,196,150,188,0,0
"616",51,72,180,134,197,0,0
"617",48,74,205,116,231,0,0
"618",41,68,178,130,208,0,0
"619",56,69,165,146,217,0,0
"620",54,73,170,130,195,0,0
"621",39,68,158,118,243,0,0
"622",40,71,175,134,266,0,0
"623",52,76,210,128,258,0,0
"624",42,71,169,130,312,0,0
"625",39,67,165,138,162,20,0
"626",41,70,185,128,254,2,0
"627",54,68,165,114,230,0,0
"628",45,71,140,114,190,20,0
"629",42,68,152,110,390,0,0
"630",49,71,170,130,187,0,0
"631",45,71,175,144,266,10,0
"632",54,72,135,106,303,15,0
"633",48,67,198,132,207,15,0
"634",44,69,154,122,202,0,0
"635",59,67,168,124,226,0,0
"636",41,68,145,146,354,20,0
"637",46,74,172,130,279,0,0
"638",44,70,198,140,263,3,0
"639",43,70,162,114,195,0,0
"640",54,68,155,136,164,0,0
"641",54,67,185,144,194,0,0
"642",39,71,165,110,174,0,0
"643",52,72,183,114,277,0,0
"644",39,70,165,134,227,0,0
"645",50,67,142,142,187,12,0
"646",41,67,151,120,260,0,0
"647",51,69,187,130,232,0,0
"648",43,73,188,134,255,18,0
"649",56,76,265,174,312,0,0
"650",46,75,183,110,262,20,0
"651",42,74,145,118,208,20,0
"652",53,68,165,122,211,0,0
"653",49,68,190,138,203,0,0
"654",51,70,164,130,218,20,0
"655",55,71,172,154,236,35,0
"656",46,72,178,128,201,30,0
"657",42,71,160,130,285,20,0
"658",53,70,170,138,246,0,0
"659",43,72,155,136,194,30,0
"660",49,68,155,110,189,0,0
"661",49,69,123,120,294,20,0
"662",54,68,155,136,164,0,0
"663",58,68,158,122,265,0,0
"664",51,72,180,134,197,0,0
"665",46,72,183,120,224,12,0
"666",53,73,198,116,186,0,0
"667",40,71,157,122,204,0,0
"668",43,67,190,130,170,0,0
"669",47,69,178,110,173,20,0
"670",40,72,165,114,240,0,0
"671",59,71,133,170,210,0,0
"672",40,72,155,134,237,20,0
"673",40,68,170,114,231,30,0
"674",45,68,150,132,250,40,0
"675",42,68,160,118,280,0,0
"676",40,66,160,114,228,0,0
"677",42,71,170,114,268,0,0
"678",40,74,207,116,161,40,0
"679",42,66,160,122,235,25,0
"680",53,65,155,128,133,0,0
"681",39,68,165,126,269,0,0
"682",55,72,175,126,213,0,0
"683",46,69,162,116,214,0,0
"684",41,73,170,120,213,0,0
"685",45,69,145,118,178,0,0
"686",50,68,135,130,203,60,0
"687",41,68,172,130,230,25,0
"688",42,72,195,152,284,0,0
"689",45,73,150,126,187,40,0
"690",43,71,172,154,244,20,0
"691",40,72,185,116,206,0,0
"692",48,68,170,134,211,0,0
"693",54,67,155,132,254,0,0
"694",47,69,170,136,271,0,0
"695",42,66,150,118,304,0,0
"696",53,72,195,138,254,30,0
"697",45,68,160,110,205,15,0
"698",55,66,148,140,255,0,0
"699",42,70,175,120,193,0,0
"700",44,70,162,160,280,10,0
"701",44,72,155,124,210,40,0
"702",40,67,147,124,251,30,0
"703",47,68,150,122,266,0,0
"704",42,67,165,126,187,0,0
"705",43,71,185,136,258,20,0
"706",50,69,167,124,185,0,0
"707",55,72,198,114,177,40,0
"708",54,67,141,118,232,15,0
"709",47,73,195,140,288,0,0
"710",46,69,128,126,268,40,0
"711",41,72,160,114,203,20,0
"712",46,70,165,126,243,0,0
"713",47,68,145,124,216,30,0
"714",48,70,150,114,244,40,0
"715",45,70,174,120,302,0,0
"716",56,68,165,136,216,0,0
"717",42,73,200,124,292,30,0
"718",43,70,160,138,205,40,0
"719",48,70,188,130,143,0,0
"720",56,73,177,120,276,12,0
"721",47,69,159,120,204,0,0
"722",39,71,132,128,170,30,0
"723",55,67,166,118,167,0,0
"724",41,70,173,124,215,0,0
"725",41,68,142,102,199,23,0
"726",40,68,170,118,211,0,0
"727",44,70,165,132,234,40,0
"728",46,64,138,130,256,0,0
"729",49,67,158,150,256,0,0
"730",42,70,150,136,238,30,0
"731",46,73,225,130,183,7,0
"732",52,69,176,140,222,0,0
"733",56,70,150,130,197,0,0
"734",40,67,150,130,274,20,0
"735",47,78,250,128,276,0,0
"736",42,66,160,140,254,30,0
"737",55,69,181,140,212,40,0
"738",55,71,187,110,185,30,0
"739",47,72,145,110,250,40,0
"740",57,70,200,134,247,20,0
"741",39,69,146,114,222,20,0
"742",40,67,141,116,212,0,0
"743",47,70,170,126,220,30,0
"744",46,71,180,128,287,0,0
"745",51,71,170,136,284,0,0
"746",40,67,147,124,251,30,0
"747",44,71,188,128,255,10,0
"748",55,75,200,142,232,0,0
"749",47,68,150,144,152,40,0
"750",40,74,195,138,266,20,0
"751",39,70,160,124,149,0,0
"752",54,74,218,146,150,0,0
"753",39,71,188,114,137,30,0
"754",42,73,180,110,190,0,0
"755",49,66,155,120,250,30,0
"756",39,72,182,132,179,0,0
"757",46,73,194,132,325,50,0
"758",42,68,172,120,215,0,0
"759",42,70,175,120,236,0,0
"760",55,69,173,146,250,0,0
"761",40,68,155,118,233,0,0
"762",54,70,160,164,260,20,0
"763",45,70,172,130,206,0,0
"764",51,69,150,126,173,0,0
"765",40,66,135,110,166,20,0
"766",47,70,185,140,185,20,0
"767",42,68,165,102,209,0,0
"768",59,71,176,132,258,0,0
"769",44,71,180,144,147,40,0
"770",47,70,185,146,260,0,0
"771",50,68,167,118,229,20,0
"772",56,65,118,132,223,30,0
"773",44,68,178,154,258,0,0
"774",54,69,176,110,310,0,0
"775",57,66,120,110,234,20,0
"776",43,71,170,118,256,0,0
"777",57,70,195,142,301,0,0
"778",42,67,168,154,237,0,0
"779",40,74,202,120,208,25,0
"780",41,68,172,130,230,25,0
"781",54,69,130,134,186,20,0
"782",59,69,160,134,257,20,0
"783",43,67,170,120,284,0,0
"784",48,68,165,128,261,40,0
"785",39,71,168,128,240,0,0
"786",46,68,140,142,203,20,0
"787",42,73,175,116,195,0,0
"788",42,65,154,112,261,20,0
"789",39,70,183,142,211,0,0
"790",44,72,180,120,181,0,0
"791",43,71,184,130,256,0,0
"792",44,72,165,130,221,35,0
"793",57,67,191,122,211,0,0
"794",48,69,130,110,144,0,0
"795",56,72,205,126,221,27,0
"796",47,66,155,126,232,20,0
"797",46,76,195,124,166,20,0
"798",40,71,192,134,158,25,0
"799",50,68,176,170,248,0,0
"800",51,69,162,134,239,0,0
"801",45,73,192,114,278,0,0
"802",40,68,144,132,196,0,0
"803",44,74,183,108,258,20,0
"804",45,67,165,136,146,30,0
"805",43,68,168,124,283,0,0
"806",55,69,181,140,212,40,0
"807",48,73,187,158,222,0,0
"808",58,66,160,132,192,0,0
"809",42,68,173,126,166,0,0
"810",56,69,165,146,217,0,0
"811",52,64,150,118,267,20,0
"812",40,66,150,120,208,0,0
"813",45,69,178,120,259,15,0
"814",49,73,140,118,213,15,0
"815",41,72,172,134,261,15,0
"816",43,70,147,112,243,20,0
"817",39,74,205,138,314,20,0
"818",46,71,150,114,201,0,0
"819",41,71,145,139,259,30,0
"820",59,71,170,180,199,20,0
"821",45,68,162,106,164,0,0
"822",44,67,160,116,292,15,0
"823",39,70,144,120,283,25,0
"824",40,73,158,114,153,7,0
"825",54,71,175,144,333,15,0
"826",41,73,183,134,203,22,0
"827",48,71,185,128,201,0,0
"828",42,69,160,114,181,0,0
"829",50,68,167,118,229,20,0
"830",48,73,175,110,185,20,0
"831",46,71,170,114,228,0,0
"832",46,70,150,136,212,20,0
"833",48,71,175,136,250,0,0
"834",49,68,169,132,304,20,0
"835",47,70,194,125,269,0,0
"836",42,69,160,114,181,0,0
"837",47,69,200,126,236,0,0
"838",44,73,170,120,163,0,0
"839",47,66,145,142,168,0,0
"840",39,70,154,120,204,0,0
"841",42,74,210,138,201,0,0
"842",41,73,170,120,213,0,0
"843",51,71,165,112,210,25,0
"844",39,73,168,138,218,12,0
"845",49,70,215,144,235,0,0
"846",44,73,195,110,272,0,0
"847",53,70,186,128,258,0,0
"848",39,69,170,122,185,0,0
"849",39,72,160,120,205,20,0
"850",59,70,169,150,256,0,0
"851",42,73,205,124,270,0,0
"852",43,67,190,130,170,0,0
"853",45,67,130,138,200,0,0
"854",57,67,158,138,199,0,0
"855",40,71,178,118,210,0,0
"856",43,69,155,120,283,20,0
"857",46,73,182,120,203,30,0
"858",50,67,140,130,244,30,0
"859",43,71,145,116,242,20,0
"860",40,69,165,158,201,0,0
"861",42,70,180,170,222,0,0
"862",50,70,165,148,314,0,0
"863",40,72,185,116,206,0,0
"864",40,68,155,118,233,0,0
"865",52,66,134,120,328,0,0
"866",39,71,175,134,320,70,0
"867",48,72,193,142,286,30,0
"868",52,71,165,120,324,20,0
"869",41,67,142,114,181,10,0
"870",48,68,150,140,220,30,0
"871",41,71,167,120,196,0,0
"872",52,65,129,116,222,35,0
"873",41,69,150,122,286,0,0
"874",44,72,165,114,170,30,0
"875",43,70,160,136,195,5,0
"876",50,71,178,130,250,30,0
"877",42,64,140,122,172,20,0
"878",51,72,200,152,242,0,0
"879",42,67,149,108,216,0,0
"880",51,64,132,120,244,20,0
"881",54,66,174,128,224,0,0
"882",50,71,195,122,307,0,0
"883",40,72,155,134,237,20,0
"884",59,69,160,122,217,0,0
"885",40,72,170,124,180,2,0
"886",56,72,250,140,268,20,0
"887",42,67,160,134,218,20,0
"888",49,67,165,114,184,0,0
"889",46,71,160,130,188,30,0
"890",39,66,178,142,218,0,0
"891",39,67,128,108,212,0,0
"892",39,71,155,118,219,0,0
"893",49,64,165,120,248,0,0
"894",42,73,195,134,196,0,0
"895",40,68,170,118,211,0,0
"896",42,73,205,124,270,0,0
"897",43,70,180,124,266,0,0
"898",55,69,170,152,168,0,0
"899",39,68,170,116,146,0,0
"900",41,71,175,126,245,20,0
"901",51,70,167,118,259,17,0
"902",39,74,193,104,155,0,0
"903",50,69,175,116,182,45,0
"904",44,65,174,134,235,30,0
"905",42,71,189,132,239,0,0
"906",43,67,150,132,209,0,0
"907",45,68,162,136,206,20,0
"908",42,68,145,110,244,16,0
"909",43,69,150,128,208,40,0
"910",44,70,170,120,239,40,0
"911",44,71,158,136,193,10,0
"912",39,70,170,116,199,20,0
"913",44,68,169,146,257,0,0
"914",44,72,198,120,212,0,0
"915",46,76,195,124,166,20,0
"916",40,74,207,116,161,40,0
"917",43,72,190,138,159,40,0
"918",39,69,165,114,168,0,0
"919",46,65,155,128,182,0,0
"920",50,70,173,128,258,30,0
"921",50,70,173,128,258,30,0
"922",52,70,170,140,194,0,0
"923",47,70,185,144,279,25,0
"924",42,68,160,120,260,0,0
"925",41,72,180,128,221,0,0
"926",47,69,170,146,232,40,0
"927",42,71,175,124,272,20,0
"928",42,69,163,114,227,40,0
"929",49,71,187,116,248,0,0
"930",41,74,184,120,238,40,0
"931",46,71,180,110,260,0,0
"932",48,66,140,110,219,0,0
"933",40,68,178,122,218,22,0
"934",54,68,143,116,252,0,0
"935",42,68,172,120,215,0,0
"936",42,70,170,128,208,0,0
"937",46,71,190,140,228,0,0
"938",42,67,140,130,263,20,0
"939",48,66,170,142,266,0,0
"940",42,71,165,126,219,0,0
"941",46,69,235,122,233,20,0
"942",50,68,179,132,183,0,0
"943",45,69,142,110,187,40,0
"944",44,73,183,118,227,0,0
"945",39,72,182,120,243,30,0
"946",51,68,155,108,199,0,0
"947",41,68,152,124,132,20,0
"948",40,70,142,124,229,0,0
"949",40,68,165,144,233,40,0
"950",48,70,170,114,173,0,0
"951",58,71,155,114,298,15,0
"952",43,72,205,124,240,25,0
"953",40,68,162,108,232,0,0
"954",44,71,210,150,231,0,0
"955",50,70,165,122,242,50,0
"956",44,67,150,150,240,30,0
"957",44,69,150,114,272,0,0
"958",47,69,162,122,248,0,0
"959",42,67,190,154,264,0,0
"960",39,67,158,114,236,5,0
"961",44,63,128,120,267,0,0
"962",39,72,178,134,174,0,0
"963",42,71,170,114,162,0,0
"964",39,68,165,126,269,0,0
"965",42,72,178,130,180,30,0
"966",43,67,150,132,209,0,0
"967",42,68,155,122,182,0,0
"968",45,68,168,130,193,0,0
"969",45,68,148,112,240,0,0
"970",39,69,126,140,182,30,0
"971",44,74,183,108,258,20,0
"972",39,72,160,120,155,20,0
"973",51,71,175,162,236,20,0
"974",39,74,208,120,147,0,0
"975",43,70,185,114,241,0,0
"976",48,70,180,152,155,20,0
"977",41,68,150,104,174,20,0
"978",57,68,160,128,298,0,0
"979",39,72,182,132,179,0,0
"980",41,68,175,128,179,0,0
"981",42,76,245,134,291,0,0
"982",51,69,187,130,232,0,0
"983",56,70,165,150,255,0,0
"984",50,66,130,130,212,20,0
"985",42,70,165,114,221,0,0
"986",40,73,158,114,153,7,0
"987",39,66,178,142,218,0,0
"988",40,71,170,110,163,2,0
"989",42,68,162,126,198,25,0
"990",53,70,190,124,207,0,0
"991",53,70,168,126,218,30,0
"992",47,69,170,130,205,40,0
"993",42,71,163,140,110,0,0
"994",39,71,168,128,240,0,0
"995",59,67,180,132,190,0,0
"996",44,69,164,112,206,0,0
"997",44,72,160,136,218,0,0
"998",45,73,150,144,291,0,0
"999",50,70,195,130,265,0,0
"1000",51,72,165,160,146,40,0
"1001",57,73,160,134,248,50,0
"1002",51,68,178,120,212,50,0
"1003",39,68,170,116,146,0,0
"1004",51,67,143,128,255,0,0
"1005",49,71,145,120,260,0,0
"1006",46,69,187,148,220,15,0
"1007",56,69,158,130,216,0,0
"1008",46,67,150,130,276,20,0
"1009",48,76,186,128,232,10,0
"1010",41,67,170,144,243,0,0
"1011",46,76,195,124,166,20,0
"1012",54,63,154,132,169,0,0
"1013",45,71,184,116,201,0,0
"1014",40,74,195,116,191,0,0
"1015",58,70,145,136,177,25,0
"1016",46,73,194,110,136,0,0
"1017",42,70,170,116,164,0,0
"1018",50,70,190,144,209,0,0
"1019",46,68,140,142,203,20,0
"1020",54,74,147,114,194,0,0
"1021",47,68,168,110,225,0,0
"1022",41,75,197,110,225,30,0
"1023",53,66,168,148,235,0,0
"1024",40,68,160,130,192,0,0
"1025",57,69,154,130,303,20,0
"1026",45,72,175,140,254,0,0
"1027",47,71,185,134,199,0,0
"1028",49,66,148,110,250,20,0
"1029",44,66,167,118,272,20,0
"1030",52,64,156,128,259,31,0
"1031",41,66,145,120,222,0,0
"1032",44,73,180,120,181,0,0
"1033",41,60,147,130,183,0,0
"1034",39,73,190,128,148,0,0
"1035",54,69,175,126,273,0,0
"1036",41,66,160,130,289,0,0
"1037",51,69,255,170,153,12,0
"1038",41,69,164,118,260,30,0
"1039",48,70,173,122,203,0,0
"1040",42,71,170,114,162,0,0
"1041",39,74,200,134,230,0,0
"1042",53,71,150,102,270,0,0
"1043",40,68,165,108,201,60,0
"1044",42,74,190,144,217,0,0
"1045",45,64,150,154,171,0,0
"1046",42,72,180,120,226,20,0
"1047",44,68,165,110,176,30,0
"1048",47,73,150,124,185,15,0
"1049",48,74,205,116,231,0,0
"1050",41,72,172,134,261,15,0
"1051",44,70,125,144,292,0,0
"1052",42,73,180,110,190,0,0
"1053",42,70,170,120,212,20,0
"1054",52,68,175,184,274,0,0
"1055",50,64,140,124,194,0,0
"1056",49,71,165,108,278,40,0
"1057",56,66,145,144,252,15,0
"1058",52,71,190,210,187,0,0
"1059",44,67,155,130,236,20,0
"1060",48,71,178,110,179,10,0
"1061",42,74,175,116,172,0,0
"1062",44,69,185,116,182,0,0
"1063",50,71,160,144,224,0,0
"1064",59,74,210,120,326,10,0
"1065",41,76,195,114,272,0,0
"1066",39,74,180,112,156,0,0
"1067",54,67,141,118,232,15,0
"1068",40,67,147,124,225,0,0
"1069",46,68,175,120,252,20,0
"1070",47,70,150,160,233,30,0
"1071",42,72,197,114,273,0,0
"1072",40,71,157,122,204,0,0
"1073",41,69,154,120,186,30,0
"1074",39,71,173,126,236,0,0
"1075",40,71,195,136,174,20,0
"1076",39,71,175,134,320,70,0
"1077",47,66,156,120,216,0,0
"1078",43,72,155,126,171,0,0
"1079",51,72,190,140,263,0,0
"1080",53,68,152,130,292,20,0
"1081",56,73,208,126,241,0,0
"1082",48,70,165,134,231,0,0
"1083",56,67,200,146,276,0,0
"1084",55,67,166,118,167,0,0
"1085",45,74,160,128,223,0,0
"1086",39,69,170,130,156,0,0
"1087",53,65,146,192,210,45,0
"1088",46,70,210,160,234,40,0
"1089",42,72,182,120,195,30,0
"1090",46,67,160,158,198,0,0
"1091",40,70,184,126,281,0,0
"1092",49,74,220,120,256,20,0
"1093",52,74,180,120,167,0,0
"1094",39,72,220,134,274,0,0
"1095",44,70,194,150,180,0,0
"1096",52,69,163,152,241,20,0
"1097",40,70,165,114,220,15,0
"1098",53,73,198,116,186,0,0
"1099",44,70,165,132,234,40,0
"1100",52,68,155,128,250,15,0
"1101",53,68,152,130,292,20,0
"1102",53,72,135,120,302,20,0
"1103",39,66,150,118,178,20,0
"1104",45,71,175,144,266,10,0
"1105",48,68,170,110,278,0,0
"1106",49,72,150,138,191,0,0
"1107",42,74,175,116,172,0,0
"1108",53,67,158,122,266,0,0
"1109",44,72,165,170,220,6,0
"1110",45,67,148,120,208,0,0
"1111",45,71,190,132,190,0,0
"1112",40,68,185,120,197,40,0
"1113",41,67,142,114,181,10,0
"1114",39,72,179,140,207,30,0
"1115",50,70,170,118,208,0,0
"1116",45,74,190,124,248,0,0
"1117",44,66,155,110,217,20,0
"1118",48,73,195,184,204,0,0
"1119",55,67,155,120,214,15,0
"1120",45,69,155,106,187,0,0
"1121",49,71,170,130,187,0,0
"1122",53,68,164,120,233,35,0
"1123",40,66,135,110,166,20,0
"1124",52,62,160,130,254,0,0
"1125",43,74,200,130,166,0,0
"1126",42,66,136,110,230,20,0
"1127",39,68,195,112,238,18,0
"1128",48,66,143,130,270,20,0
"1129",52,68,168,114,208,10,0
"1130",46,69,195,136,227,0,0
"1131",41,69,165,118,267,20,0
"1132",50,67,169,112,179,2,0
"1133",41,73,175,120,169,30,0
"1134",41,73,165,124,137,0,0
"1135",51,72,198,132,207,0,0
"1136",45,69,173,126,187,5,0
"1137",48,71,145,108,226,40,0
"1138",53,68,135,120,171,12,0
"1139",53,68,160,116,194,0,0
"1140",42,71,155,120,205,0,0
"1141",55,71,164,130,322,0,0
"1142",46,71,174,120,224,0,0
"1143",52,71,175,110,247,20,0
"1144",55,70,172,124,190,0,0
"1145",39,69,155,140,174,0,0
"1146",47,71,170,136,207,0,0
"1147",40,71,165,130,200,0,0
"1148",39,72,190,140,324,20,0
"1149",49,69,182,122,238,0,0
"1150",41,68,150,134,255,0,0
"1151",44,71,174,134,205,0,0
"1152",42,69,154,128,208,0,0
"1153",46,70,185,112,155,0,0
"1154",44,70,160,136,242,0,0
"1155",42,70,185,131,217,20,0
"1156",49,70,176,144,304,40,0
"1157",46,68,217,120,232,0,0
"1158",49,72,152,120,233,20,0
"1159",42,65,154,112,261,20,0
"1160",53,66,167,136,237,0,0
"1161",43,74,190,130,171,25,0
"1162",45,69,172,120,232,0,0
"1163",44,70,190,126,228,13,0
"1164",41,67,155,120,169,0,0
"1165",48,68,162,140,215,0,0
"1166",47,70,185,140,185,20,0
"1167",59,64,208,160,253,0,0
"1168",58,74,185,120,229,15,0
"1169",39,73,152,154,219,20,0
"1170",44,72,155,122,194,40,0
"1171",46,72,210,126,279,20,0
"1172",43,72,176,124,213,20,0
"1173",42,73,195,134,196,0,0
"1174",45,73,170,130,217,40,0
"1175",40,66,135,110,166,20,0
"1176",49,68,155,124,228,0,0
"1177",44,71,172,120,216,0,0
"1178",56,67,152,110,217,0,0
"1179",44,67,165,128,305,0,0
"1180",46,68,145,134,165,40,0
"1181",40,70,162,122,190,0,0
"1182",48,73,195,184,204,0,0
"1183",39,72,180,114,243,20,0
"1184",49,66,142,120,212,20,0
"1185",44,74,200,120,194,0,0
"1186",39,73,185,120,183,15,0
"1187",49,71,164,120,295,15,0
"1188",59,70,167,118,220,16,0
"1189",50,72,165,120,253,0,0
"1190",40,67,125,124,227,20,0
"1191",44,74,176,120,178,0,0
"1192",45,74,160,128,223,0,0
"1193",39,72,240,148,252,0,0
"1194",46,74,186,120,251,0,0
"1195",46,70,195,128,336,0,0
"1196",56,65,118,132,223,30,0
"1197",53,71,192,130,190,0,0
"1198",54,70,148,188,219,0,0
"1199",55,71,225,138,221,0,0
"1200",45,68,149,120,242,30,0
"1201",44,69,185,132,232,20,0
"1202",42,71,170,114,268,0,0
"1203",45,66,138,112,262,30,0
"1204",58,68,175,120,202,25,0
"1205",41,72,195,140,348,20,0
"1206",47,74,197,122,270,10,0
"1207",43,68,160,102,201,0,0
"1208",43,70,155,110,185,0,0
"1209",51,71,179,118,184,0,0
"1210",54,70,176,130,165,20,0
"1211",42,74,175,116,172,0,0
"1212",40,69,170,126,256,0,0
"1213",48,73,165,110,214,0,0
"1214",51,75,210,130,174,0,0
"1215",39,70,157,112,209,20,0
"1216",42,68,145,110,244,16,0
"1217",45,69,145,118,178,0,0
"1218",43,71,160,130,236,40,0
"1219",54,70,174,132,215,18,0
"1220",47,72,160,140,265,20,0
"1221",50,73,205,120,194,20,0
"1222",43,74,190,130,171,25,0
"1223",47,69,159,142,250,0,0
"1224",46,68,143,118,268,40,0
"1225",50,72,150,112,212,30,0
"1226",51,65,123,110,230,20,0
"1227",43,72,155,110,156,30,0
"1228",42,70,160,116,218,0,0
"1229",52,64,156,128,259,31,0
"1230",40,73,190,116,233,3,0
"1231",48,67,140,122,198,0,0
"1232",45,71,170,112,258,0,0
"1233",45,70,172,148,282,0,0
"1234",47,70,185,128,284,33,0
"1235",44,69,185,116,182,0,0
"1236",49,71,164,120,295,15,0
"1237",42,70,160,150,222,30,0
"1238",46,69,170,122,190,20,0
"1239",41,66,150,120,196,0,0
"1240",39,69,142,118,243,0,0
"1241",41,69,154,120,186,30,0
"1242",49,68,147,118,241,12,0
"1243",44,66,146,120,198,20,0
"1244",58,69,154,110,216,20,0
"1245",42,74,190,144,217,0,0
"1246",45,72,180,114,247,0,0
"1247",40,67,158,130,155,20,0
"1248",42,74,210,138,201,0,0
"1249",57,70,134,128,258,25,0
"1250",52,70,180,136,264,20,0
"1251",53,63,140,142,185,0,0
"1252",51,75,210,130,174,0,0
"1253",40,68,166,124,346,30,0
"1254",51,71,185,154,240,0,0
"1255",43,70,188,128,210,40,0
"1256",48,70,170,130,266,0,0
"1257",40,66,163,118,187,0,0
"1258",41,68,189,120,194,0,0
"1259",41,68,146,120,208,0,0
"1260",43,67,190,130,170,0,0
"1261",47,76,225,142,254,60,0
"1262",43,67,150,122,232,25,0
"1263",45,66,120,104,369,0,0
"1264",44,70,156,124,262,0,0
"1265",44,69,150,114,272,0,0
"1266",59,74,210,120,326,10,0
"1267",49,73,205,128,178,30,0
"1268",54,67,185,144,194,0,0
"1269",39,75,195,122,174,0,0
"1270",52,65,129,116,222,35,0
"1271",54,70,200,148,247,3,0
"1272",43,72,175,114,209,0,0
"1273",58,66,152,116,228,30,0
"1274",49,71,164,122,324,0,0
"1275",44,65,145,110,205,0,0
"1276",41,69,154,120,186,30,0
"1277",57,64,140,120,210,0,0
"1278",45,72,180,128,133,10,0
"1279",54,67,172,160,224,0,0
"1280",44,72,190,120,248,25,0
"1281",53,69,175,158,255,20,0
"1282",43,71,182,140,195,0,0
"1283",42,69,158,128,203,0,0
"1284",48,70,150,114,244,40,0
"1285",43,72,200,148,212,0,0
"1286",49,68,160,114,316,25,0
"1287",48,73,165,110,214,0,0
"1288",42,69,148,130,210,0,0
"1289",41,67,160,124,203,0,0
"1290",51,69,187,130,232,0,0
"1291",49,68,160,104,278,0,0
"1292",47,68,126,100,232,20,0
"1293",42,68,155,144,244,0,0
"1294",50,72,165,120,253,0,0
"1295",39,72,178,134,174,0,0
"1296",42,67,190,154,264,0,0
"1297",57,67,152,120,289,0,0
"1298",53,67,162,150,189,0,0
"1299",43,68,165,122,177,30,0
"1300",46,71,163,128,241,10,0
"1301",42,70,175,140,246,35,0
"1302",46,71,180,110,260,0,0
"1303",41,71,150,118,189,20,0
"1304",39,71,188,114,137,30,0
"1305",39,71,185,116,212,0,0
"1306",42,73,200,130,202,20,0
"1307",53,71,185,120,167,0,0
"1308",47,68,185,126,270,20,0
"1309",40,68,157,110,274,20,0
"1310",45,72,180,138,214,0,0
"1311",42,73,210,120,213,0,0
"1312",52,73,168,142,224,18,0
"1313",43,69,175,144,236,20,0
"1314",48,71,175,136,250,0,0
"1315",39,71,170,132,229,20,0
"1316",56,71,175,116,216,0,0
"1317",58,68,160,116,256,0,0
"1318",45,72,160,104,194,20,0
"1319",49,72,160,126,204,0,0
"1320",41,68,142,102,199,23,0
"1321",51,65,137,118,239,20,0
"1322",44,71,215,212,210,0,0
"1323",48,73,175,114,215,0,0
"1324",46,70,178,130,212,20,0
"1325",40,68,160,140,185,50,0
"1326",46,72,173,124,187,0,0
"1327",44,70,182,164,209,0,0
"1328",55,71,160,120,223,0,0
"1329",54,70,148,188,219,0,0
"1330",46,75,183,110,262,20,0
"1331",40,68,185,122,283,0,0
"1332",50,70,150,130,263,12,0
"1333",44,69,185,132,232,20,0
"1334",43,71,155,146,223,0,0
"1335",41,68,150,104,174,20,0
"1336",46,66,169,120,171,4,0
"1337",42,71,160,132,255,35,0
"1338",40,71,182,114,176,0,0
"1339",43,72,205,124,240,25,0
"1340",55,68,160,122,256,0,0
"1341",45,72,170,114,117,35,0
"1342",50,70,170,118,208,0,0
"1343",51,67,160,144,260,30,0
"1344",39,71,190,140,245,30,0
"1345",48,66,150,132,229,0,0
"1346",49,68,150,128,255,0,0
"1347",53,72,173,114,240,30,0
"1348",41,66,175,138,243,40,0
"1349",51,72,167,144,194,20,0
"1350",46,69,170,122,242,0,0
"1351",40,72,190,144,196,40,0
"1352",47,66,126,114,176,30,0
"1353",46,70,180,115,189,0,0
"1354",43,72,147,124,256,0,0
"1355",48,71,148,110,260,0,0
"1356",39,65,118,110,186,30,0
"1357",43,71,188,146,207,0,0
"1358",42,73,220,124,214,40,0
"1359",51,72,208,140,192,0,0
"1360",42,67,140,130,263,20,0
"1361",52,72,182,120,208,0,0
"1362",47,71,170,136,203,0,0
"1363",57,71,170,118,201,60,0
"1364",56,68,163,134,215,40,0
"1365",50,72,195,128,219,0,0
"1366",44,71,175,130,219,0,0
"1367",42,70,160,114,157,0,0
"1368",41,67,170,112,216,0,0
"1369",39,69,168,130,282,0,0
"1370",41,72,195,122,174,0,0
"1371",40,66,160,116,232,0,0
"1372",51,72,200,116,204,35,0
"1373",47,67,160,112,182,0,0
"1374",50,67,147,114,259,30,0
"1375",40,74,200,128,152,15,0
"1376",51,72,173,154,233,15,0
"1377",39,75,205,120,240,5,0
"1378",48,72,166,108,123,10,0
"1379",45,70,170,114,218,25,0
"1380",49,74,195,120,208,11,0
"1381",52,70,170,118,212,10,0
"1382",41,75,197,110,225,30,0
"1383",56,70,139,128,223,37,0
"1384",53,72,190,112,244,0,0
"1385",40,71,152,118,147,0,0
"1386",52,72,170,134,226,20,0
"1387",39,66,140,114,190,30,0
"1388",41,70,164,116,220,0,0
"1389",44,69,185,116,182,0,0
"1390",45,72,150,132,267,30,0
"1391",45,72,185,110,286,0,0
"1392",50,68,135,116,251,20,0
"1393",53,70,165,144,206,25,0
"1394",55,75,186,140,160,0,0
"1395",42,68,158,122,317,20,0
"1396",49,68,155,126,219,0,0
"1397",52,73,168,142,224,18,0
"1398",43,72,182,122,230,0,0
"1399",41,69,156,116,205,0,0
"1400",48,72,183,124,216,0,0
"1401",42,67,140,122,201,0,0
"1402",40,68,170,116,163,0,0
"1403",41,72,127,122,201,15,0
"1404",46,67,160,152,247,17,0
"1405",48,68,165,116,191,0,0
"1406",44,75,183,120,207,0,0
"1407",43,71,213,154,238,0,0
"1408",39,73,194,110,238,45,0
"1409",47,66,190,156,226,0,0
"1410",39,70,195,110,208,25,0
"1411",40,70,170,124,252,30,0
"1412",42,65,140,114,287,20,0
"1413",43,69,160,124,210,15,0
"1414",39,70,175,132,241,30,0
"1415",42,70,165,114,221,0,0
"1416",57,71,195,136,235,20,0
"1417",42,70,170,122,198,20,0
"1418",45,67,145,110,223,30,0
"1419",48,70,178,128,233,0,0
"1420",50,71,210,120,185,30,0
"1421",39,69,170,110,218,0,0
"1422",54,66,140,146,300,0,0
"1423",53,65,146,192,210,45,0
"1424",48,71,190,134,257,0,0
"1425",48,66,145,150,219,0,0
"1426",48,70,170,130,266,0,0
"1427",58,65,170,120,150,0,0
"1428",40,69,147,130,191,10,0
"1429",58,68,175,142,190,1,0
"1430",39,68,158,118,243,0,0
"1431",41,70,153,136,248,30,0
"1432",44,68,150,124,179,0,0
"1433",39,70,200,134,237,20,0
"1434",51,72,190,140,263,0,0
"1435",49,68,155,110,189,0,0
"1436",44,69,164,112,206,0,0
"1437",46,73,197,170,232,30,0
"1438",54,70,125,104,208,30,0
"1439",39,71,190,132,218,0,0
"1440",55,70,168,126,227,0,0
"1441",43,74,200,130,166,0,0
"1442",39,67,150,138,179,0,0
"1443",44,71,162,112,272,30,0
"1444",56,68,138,140,296,0,0
"1445",42,65,125,118,222,15,0
"1446",40,68,166,124,346,30,0
"1447",44,71,215,212,210,0,0
"1448",54,67,155,132,254,0,0
"1449",44,69,155,110,260,20,0
"1450",50,71,190,140,203,20,0
"1451",43,68,162,114,196,0,0
"1452",48,67,198,132,207,15,0
"1453",59,71,176,132,258,0,0
"1454",42,69,158,128,203,0,0
"1455",48,72,183,124,216,0,0
"1456",49,72,212,134,158,0,0
"1457",54,67,155,130,268,0,0
"1458",50,65,145,130,252,25,0
"1459",45,68,136,122,208,0,0
"1460",46,70,155,124,243,15,0
"1461",40,73,195,114,234,40,0
"1462",47,78,250,128,276,0,0
"1463",41,70,180,140,270,20,0
"1464",51,72,168,130,218,30,0
"1465",42,70,135,110,231,33,0
"1466",59,70,160,132,153,0,0
"1467",48,68,150,140,220,30,0
"1468",44,72,175,156,224,48,0
"1469",49,71,152,124,240,15,0
"1470",53,67,155,130,314,0,0
"1471",53,71,188,130,191,0,0
"1472",46,73,170,140,274,0,0
"1473",51,68,168,114,263,18,0
"1474",42,69,159,120,223,10,0
"1475",46,70,168,122,267,1,0
"1476",43,76,205,130,189,0,0
"1477",40,66,162,126,267,0,0
"1478",55,68,160,122,256,0,0
"1479",41,68,145,146,354,20,0
"1480",43,69,170,116,213,0,0
"1481",47,66,125,148,292,0,0
"1482",42,73,161,120,166,0,0
"1483",39,72,170,130,222,15,0
"1484",43,69,170,120,322,0,0
"1485",53,68,177,124,291,0,0
"1486",46,74,162,116,234,30,0
"1487",39,69,155,108,175,10,0
"1488",42,68,155,144,244,0,0
"1489",49,71,164,120,295,15,0
"1490",40,68,145,112,208,10,0
"1491",46,66,145,112,234,0,0
"1492",48,75,185,120,220,0,0
"1493",47,74,200,112,203,0,0
"1494",51,71,175,126,237,0,0
"1495",40,66,163,118,187,0,0
"1496",48,66,135,118,241,30,0
"1497",43,66,160,156,208,0,0
"1498",39,71,205,148,202,5,0
"1499",39,74,193,104,155,0,0
"1500",45,73,186,104,241,0,0
"1501",40,66,145,126,195,0,0
"1502",53,71,192,130,190,0,0
"1503",41,67,170,112,216,0,0
"1504",39,67,130,112,237,5,0
"1505",56,71,180,116,244,3,0
"1506",57,70,150,120,157,0,0
"1507",54,71,158,128,318,30,0
"1508",42,73,210,120,213,0,0
"1509",50,70,190,124,267,0,0
"1510",45,72,190,142,263,0,0
"1511",55,68,170,116,302,0,0
"1512",40,64,163,122,206,0,0
"1513",42,71,163,140,110,0,0
"1514",43,70,160,148,202,0,0
"1515",41,70,165,140,213,20,0
"1516",39,72,180,126,248,30,0
"1517",56,70,150,126,300,20,0
"1518",46,68,145,134,165,40,0
"1519",48,69,185,116,220,10,0
"1520",46,68,170,124,249,35,0
"1521",44,72,165,170,220,6,0
"1522",42,73,200,124,292,30,0
"1523",41,70,178,130,232,40,0
"1524",44,70,168,138,326,30,0
"1525",53,67,155,156,274,0,0
"1526",57,67,140,112,223,0,0
"1527",41,67,160,130,188,0,0
"1528",46,68,157,116,215,20,0
"1529",54,69,156,120,206,0,0
"1530",44,73,170,120,163,0,0
"1531",45,68,190,114,184,0,0
"1532",48,67,198,132,207,15,0
"1533",58,69,145,120,195,0,0
"1534",41,70,140,126,187,40,0
"1535",42,64,140,122,172,20,0
"1536",46,65,155,128,182,0,0
"1537",43,72,200,148,212,0,0
"1538",42,73,189,144,212,30,0
"1539",51,74,180,130,259,0,0
"1540",57,73,170,120,158,40,0
"1541",43,70,147,112,243,20,0
"1542",43,70,148,130,232,40,0
"1543",43,70,162,114,195,0,0
"1544",54,70,150,120,162,20,0
"1545",43,67,138,110,192,0,0
"1546",44,67,185,132,176,0,0
"1547",41,72,160,120,204,10,0
"1548",44,68,150,124,179,0,0
"1549",42,70,165,110,202,0,0
"1550",52,68,162,146,233,0,0
"1551",53,64,210,150,206,20,0
"1552",55,69,174,144,261,4,0
"1553",48,70,155,106,172,0,0
"1554",54,65,167,174,287,20,0
"1555",46,71,180,110,260,0,0
"1556",40,68,165,108,201,60,0
"1557",51,71,185,154,240,0,0
"1558",45,74,204,130,221,0,0
"1559",44,66,152,114,228,0,0
"1560",43,70,190,120,231,0,0
"1561",46,71,160,130,188,30,0
"1562",40,68,145,112,208,10,0
"1563",55,72,170,134,168,0,0
"1564",46,72,175,120,224,0,0
"1565",44,72,175,124,246,0,0
"1566",42,74,175,116,172,0,0
"1567",59,74,210,120,326,10,0
"1568",53,68,177,124,291,0,0
"1569",46,68,145,134,165,40,0
"1570",43,72,180,114,247,0,0
"1571",43,71,175,126,211,0,0
"1572",42,71,163,140,110,0,0
"1573",42,68,152,110,390,0,0
"1574",46,68,165,132,198,0,0
"1575",39,72,164,110,228,0,0
"1576",41,66,160,130,289,0,0
"1577",45,67,160,150,238,0,0
"1578",43,72,185,138,215,0,0
"1579",44,64,150,120,266,0,0
"1580",40,72,165,130,245,0,0
"1581",46,70,150,136,212,20,0
"1582",39,71,175,134,320,70,0
"1583",44,68,140,118,294,0,0
"1584",39,74,208,120,147,0,0
"1585",50,66,160,152,180,0,0
"1586",42,68,158,122,317,20,0
"1587",54,71,132,146,133,20,0
"1588",58,70,145,136,177,25,0
"1589",44,70,165,132,234,40,0
"1590",57,72,185,164,210,10,0
"1591",43,69,150,126,236,0,0
"1592",39,72,170,110,259,40,0
"1593",44,68,178,154,258,0,0
"1594",56,71,165,130,230,0,0
"1595",51,68,166,128,283,40,0
"1596",54,70,160,130,229,0,0
"1597",43,70,190,150,267,0,0
"1598",42,68,165,102,209,0,0
"1599",46,70,180,115,189,0,0
"1600",54,66,174,128,224,0,0
"1601",39,73,182,116,213,0,0
"1602",42,67,149,108,216,0,0
"1603",45,68,162,126,187,20,0
"1604",49,68,169,132,304,20,0
"1605",43,69,170,130,233,0,0
"1606",47,69,177,140,273,30,0
"1607",41,71,145,139,259,30,0
"1608",48,73,205,128,254,0,0
"1609",40,68,147,110,132,30,0
"1610",52,72,170,134,226,20,0
"1611",44,68,173,122,267,36,0
"1612",41,69,165,118,267,20,0
"1613",41,61,160,130,205,0,0
"1614",39,72,190,114,238,20,0
"1615",49,73,170,150,196,30,0
"1616",49,69,123,120,294,20,0
"1617",46,72,210,126,279,20,0
"1618",42,64,135,130,252,0,0
"1619",47,72,178,122,256,0,0
"1620",42,69,170,136,296,2,0
"1621",41,70,166,134,250,40,0
"1622",46,69,180,130,221,0,0
"1623",46,71,190,140,228,0,0
"1624",42,73,180,110,190,0,0
"1625",41,69,165,150,256,10,0
"1626",42,69,145,108,220,0,0
"1627",53,65,146,192,210,45,0
"1628",42,67,160,134,218,20,0
"1629",45,72,170,114,117,35,0
"1630",57,65,160,126,214,0,0
"1631",44,67,147,130,233,25,0
"1632",47,71,182,134,241,0,0
"1633",51,66,156,146,349,35,1
"1634",51,70,180,172,266,15,1
"1635",55,69,158,160,227,30,1
"1636",48,70,182,130,229,15,1
"1637",40,70,168,128,314,0,1
"1638",46,71,175,158,245,20,1
"1639",55,70,175,110,233,0,1
"1640",57,70,191,150,196,30,1
"1641",43,68,150,144,259,0,1
"1642",44,70,171,122,256,30,1
"1643",40,66,155,114,190,20,1
"1644",48,72,180,134,228,30,1
"1645",41,74,185,126,267,25,1
"1646",44,71,175,130,210,30,1
"1647",55,68,171,160,281,20,1
"1648",40,72,175,110,205,0,1
"1649",40,73,205,112,241,0,1
"1650",58,71,176,152,268,0,1
"1651",48,68,175,170,218,6,1
"1652",56,68,205,112,252,30,1
"1653",46,70,173,160,311,40,1
"1654",56,74,180,148,228,30,1
"1655",53,69,180,130,246,0,1
"1656",44,65,158,104,213,0,1
"1657",40,72,175,110,205,0,1
"1658",56,68,175,128,220,50,1
"1659",50,69,185,104,237,20,1
"1660",39,75,170,140,247,50,1
"1661",56,74,180,148,228,30,1
"1662",41,74,185,126,267,25,1
"1663",44,70,171,122,256,30,1
"1664",44,71,180,128,226,20,1
"1665",48,68,162,122,273,0,1
"1666",42,69,165,140,221,40,1
"1667",39,72,183,126,304,0,1
"1668",44,71,175,130,210,30,1
"1669",47,72,187,112,209,37,1
"1670",48,74,172,130,222,55,1
"1671",39,72,175,134,261,30,1
"1672",53,68,148,124,266,15,1
"1673",46,71,220,140,245,30,1
"1674",49,68,185,130,164,0,1
"1675",43,68,162,130,257,0,1
"1676",51,71,200,140,287,20,1
"1677",52,70,175,128,242,0,1
"1678",39,66,160,130,229,0,1
"1679",44,65,158,104,213,0,1
"1680",59,73,175,176,198,0,1
"1681",59,68,180,128,276,20,1
"1682",44,65,158,104,213,0,1
"1683",59,69,165,138,212,0,1
"1684",41,71,226,150,246,30,1
"1685",56,68,205,112,252,30,1
"1686",54,69,157,110,275,22,1
"1687",56,69,202,170,298,0,1
"1688",41,72,188,126,296,35,1
"1689",51,69,180,160,244,20,1
"1690",41,71,226,150,246,30,1
"1691",51,66,156,146,349,35,1
"1692",43,68,162,130,257,0,1
"1693",48,71,178,140,261,60,1
"1694",49,69,190,112,251,0,1
"1695",40,72,195,118,219,20,1
"1696",40,70,200,130,272,0,1
"1697",46,72,175,130,276,40,1
"1698",55,69,190,200,256,0,1
"1699",46,70,170,134,204,0,1
"1700",41,70,200,130,276,30,1
"1701",40,70,168,128,314,0,1
"1702",59,70,170,168,231,0,1
"1703",55,69,190,200,256,0,1
"1704",46,66,174,120,265,20,1
"1705",46,73,205,124,200,0,1
"1706",52,75,195,130,201,10,1
"1707",49,68,185,130,164,0,1
"1708",42,69,165,140,221,40,1
"1709",47,75,160,112,232,0,1
"1710",56,68,205,112,252,30,1
"1711",59,70,191,116,236,0,1
"1712",46,70,173,160,311,40,1
"1713",51,69,164,168,236,0,1
"1714",51,66,185,140,277,25,1
"1715",41,72,188,126,296,35,1
"1716",59,73,175,176,198,0,1
"1717",39,72,183,126,304,0,1
"1718",47,75,160,112,232,0,1
"1719",55,69,158,160,227,30,1
"1720",43,71,185,130,256,25,1
"1721",41,71,226,150,246,30,1
"1722",50,69,165,114,279,15,1
"1723",57,64,140,120,262,0,1
"1724",42,72,170,140,262,20,1
"1725",55,70,175,110,233,0,1
"1726",55,70,180,132,228,30,1
"1727",56,70,170,140,232,45,1
"1728",51,70,180,172,266,15,1
"1729",51,70,170,130,194,20,1
"1730",58,69,165,126,197,15,1
"1731",59,73,175,176,198,0,1
"1732",55,70,180,132,228,30,1
"1733",49,71,225,142,211,0,1
"1734",54,69,160,158,290,4,1
"1735",47,68,165,146,260,0,1
"1736",41,72,188,126,296,35,1
"1737",43,70,156,116,348,15,1
"1738",59,70,175,126,241,0,1
"1739",39,71,168,128,289,40,1
"1740",47,70,198,170,280,20,1
"1741",49,70,150,166,318,20,1
"1742",50,70,210,138,200,0,1
"1743",48,71,175,160,233,40,1
"1744",49,67,165,148,171,20,1
"1745",56,71,196,190,162,0,1
"1746",56,71,165,120,386,30,1
"1747",45,73,205,146,303,12,1
"1748",39,72,200,154,201,20,1
"1749",47,70,198,170,280,20,1
"1750",55,65,181,140,286,0,1
"1751",48,71,178,140,261,60,1
"1752",59,72,160,130,241,60,1
"1753",43,69,165,150,300,20,1
"1754",54,71,168,130,208,20,1
"1755",49,71,145,100,242,20,1
"1756",51,69,155,140,252,0,1
"1757",49,69,165,134,222,18,1
"1758",39,72,176,140,273,0,1
"1759",57,70,159,152,265,7,1
"1760",40,70,200,130,272,0,1
"1761",52,75,195,130,201,10,1
"1762",50,69,185,104,237,20,1
"1763",44,70,185,154,222,40,1
"1764",49,67,173,138,175,0,1
"1765",40,71,228,130,212,0,1
"1766",53,69,170,188,274,40,1
"1767",39,72,175,134,261,30,1
"1768",44,71,175,130,210,30,1
"1769",54,71,168,130,208,20,1
"1770",46,72,175,130,276,40,1
"1771",59,70,170,168,231,0,1
"1772",46,72,175,130,276,40,1
"1773",59,70,150,144,255,20,1
"1774",39,71,168,128,289,40,1
"1775",43,68,178,130,308,35,1
"1776",40,69,140,122,228,20,1
"1777",41,71,160,112,239,30,1
"1778",49,69,175,150,240,50,1
"1779",40,72,195,118,219,20,1
"1780",44,72,190,158,253,14,1
"1781",57,70,187,142,238,0,1
"1782",43,70,180,142,211,0,1
"1783",49,69,175,150,240,50,1
"1784",40,72,175,110,205,0,1
"1785",45,68,173,128,296,30,1
"1786",48,73,165,142,258,15,1
"1787",40,72,175,110,205,0,1
"1788",40,70,168,128,314,0,1
"1789",48,71,175,160,233,40,1
"1790",45,67,160,120,322,25,1
"1791",41,72,188,126,296,35,1
"1792",39,71,151,124,250,0,1
"1793",49,67,165,148,171,20,1
"1794",49,69,190,112,251,0,1
"1795",49,68,185,130,164,0,1
"1796",48,72,180,134,228,30,1
"1797",51,70,177,132,243,30,1
"1798",59,71,172,140,286,30,1
"1799",57,70,159,152,265,7,1
"1800",42,72,170,140,262,20,1
"1801",55,68,165,170,235,0,1
"1802",39,70,165,130,278,20,1
"1803",43,68,178,130,308,35,1
"1804",43,68,162,130,257,0,1
"1805",39,69,170,120,204,30,1
"1806",56,68,205,112,252,30,1
"1807",40,68,165,120,198,0,1
"1808",51,71,164,150,326,40,1
"1809",56,71,165,120,386,30,1
"1810",49,71,145,100,242,20,1
"1811",41,71,182,122,181,30,1
"1812",46,73,205,124,200,0,1
"1813",56,68,175,128,220,50,1
"1814",48,66,185,186,308,20,1
"1815",41,74,185,126,267,25,1
"1816",52,70,134,102,298,25,1
"1817",42,68,165,124,295,0,1
"1818",56,71,190,142,238,0,1
"1819",48,66,147,152,223,40,1
"1820",53,73,185,170,280,0,1
"1821",41,70,200,130,276,30,1
"1822",43,69,165,150,300,20,1
"1823",54,71,168,130,208,20,1
"1824",43,72,195,130,178,0,1
"1825",48,68,180,146,223,0,1
"1826",44,71,175,130,210,30,1
"1827",51,71,170,150,224,20,1
"1828",56,68,205,112,252,30,1
"1829",48,71,178,140,261,60,1
"1830",48,73,186,156,292,20,1
"1831",51,68,164,134,235,20,1
"1832",54,70,185,144,272,0,1
"1833",49,73,165,120,322,0,1
"1834",39,71,168,128,289,40,1
"1835",41,68,148,136,259,30,1
"1836",56,70,170,140,232,45,1
"1837",43,72,193,164,254,50,1
"1838",54,67,140,148,231,40,1
"1839",48,68,180,146,223,0,1
"1840",41,69,150,120,326,20,1
"1841",53,76,265,120,218,31,1
"1842",41,72,145,134,184,30,1
"1843",52,74,200,120,196,30,1
"1844",55,68,171,160,281,20,1
"1845",47,72,187,112,209,37,1
"1846",51,70,170,130,194,20,1
"1847",44,70,185,154,222,40,1
"1848",51,74,205,132,173,0,1
"1849",49,67,173,138,175,0,1
"1850",51,70,188,130,227,45,1
"1851",45,70,140,122,228,20,1
"1852",54,73,165,136,264,16,1
"1853",40,71,228,130,212,0,1
"1854",52,70,160,126,235,0,1
"1855",52,70,165,122,208,25,1
"1856",46,68,175,130,280,25,1
"1857",53,69,180,130,246,0,1
"1858",39,72,188,112,178,20,1
"1859",50,69,157,120,282,30,1
"1860",52,68,153,134,200,30,1
"1861",44,72,175,120,272,30,1
"1862",41,71,145,122,256,27,1
"1863",55,69,158,160,227,30,1
"1864",48,73,165,142,258,15,1
"1865",51,70,177,132,243,30,1
"1866",49,71,225,142,211,0,1
"1867",41,69,150,120,326,20,1
"1868",47,75,160,112,232,0,1
"1869",52,71,157,124,240,20,1
"1870",46,72,173,144,283,20,1
"1871",57,70,191,150,196,30,1
"1872",50,69,168,120,278,20,1
"1873",57,70,159,152,265,7,1
"1874",46,73,205,124,200,0,1
"1875",39,72,188,112,178,20,1
"1876",53,73,185,170,280,0,1
"1877",59,72,160,130,241,60,1
"1878",41,68,148,136,259,30,1
"1879",51,70,170,130,194,20,1
"1880",49,69,190,112,251,0,1
"1881",48,75,175,136,185,0,1
"1882",51,70,188,130,227,45,1
"1883",39,70,165,130,278,20,1
"1884",40,71,228,130,212,0,1
"1885",42,64,147,128,270,35,1
"1886",53,68,154,140,349,30,1
"1887",43,70,180,142,211,0,1
"1888",46,71,175,158,245,20,1
"1889",44,65,138,116,253,35,1
"1890",41,68,148,136,259,30,1
"1891",53,68,180,110,252,0,1
"1892",56,74,180,148,228,30,1
"1893",40,74,185,112,193,0,1
"1894",50,67,152,128,174,0,1
"1895",40,72,175,110,205,0,1
"1896",55,70,180,132,228,30,1
"1897",59,69,165,138,212,0,1
"1898",41,70,200,130,276,30,1
"1899",39,71,186,124,353,30,1
"1900",40,68,178,130,251,0,1
"1901",58,72,176,124,294,0,1
"1902",49,70,150,166,318,20,1
"1903",59,70,191,116,236,0,1
"1904",52,68,153,134,200,30,1
"1905",47,70,198,170,280,20,1
"1906",46,71,220,140,245,30,1
"1907",50,72,173,144,238,50,1
"1908",47,68,165,146,260,0,1
"1909",50,70,210,138,200,0,1
"1910",39,69,170,120,204,30,1
"1911",39,73,196,120,414,35,1
"1912",43,69,165,150,300,20,1
"1913",48,75,175,136,185,0,1
"1914",49,72,175,126,213,0,1
"1915",48,66,185,186,308,20,1
"1916",49,70,150,166,318,20,1
"1917",42,72,170,140,262,20,1
"1918",39,75,170,140,247,50,1
"1919",54,65,150,122,307,0,1
"1920",57,70,180,138,308,0,1
"1921",39,73,185,112,224,25,1
"1922",51,70,188,130,227,45,1
"1923",45,70,140,122,228,20,1
"1924",58,70,172,138,194,0,1
"1925",48,71,178,140,261,60,1
"1926",44,65,158,104,213,0,1
"1927",40,68,165,120,198,0,1
"1928",53,71,174,132,256,30,1
"1929",48,63,137,134,274,12,1
"1930",51,68,164,134,235,20,1
"1931",49,71,225,142,211,0,1
"1932",44,71,180,128,226,20,1
"1933",40,72,175,110,205,0,1
"1934",41,70,200,130,276,30,1
"1935",39,72,200,154,201,20,1
"1936",51,66,185,140,277,25,1
"1937",48,69,175,136,208,30,1
"1938",50,67,152,128,174,0,1
"1939",52,70,160,126,235,0,1
"1940",43,70,180,142,211,0,1
"1941",44,72,175,120,272,30,1
"1942",47,68,181,124,257,20,1
"1943",45,72,207,110,282,0,1
"1944",44,65,138,116,253,35,1
"1945",54,69,157,110,275,22,1
"1946",43,76,320,166,188,0,1
"1947",51,70,180,172,266,15,1
"1948",58,71,176,152,268,0,1
"1949",51,69,164,168,236,0,1
"1950",40,68,165,120,198,0,1
"1951",54,69,157,110,275,22,1
"1952",46,71,220,140,245,30,1
"1953",54,71,168,130,208,20,1
"1954",51,68,164,134,235,20,1
"1955",41,72,188,126,296,35,1
"1956",47,70,198,170,280,20,1
"1957",40,68,178,130,251,0,1
"1958",41,68,148,136,259,30,1
"1959",39,72,175,134,261,30,1
"1960",50,69,157,120,282,30,1
"1961",49,68,185,130,164,0,1
"1962",46,66,174,120,265,20,1
"1963",45,71,140,140,176,20,1
"1964",50,67,152,128,174,0,1
"1965",52,74,200,120,196,30,1
"1966",49,74,201,156,253,40,1
"1967",42,68,165,124,295,0,1
"1968",39,75,170,140,247,50,1
"1969",54,69,157,110,275,22,1
"1970",52,75,195,130,201,10,1
"1971",56,71,165,120,386,30,1
"1972",46,73,205,124,200,0,1
"1973",41,68,148,136,259,30,1
"1974",39,71,186,124,353,30,1
"1975",54,73,165,136,264,16,1
"1976",55,69,190,200,256,0,1
"1977",42,68,155,144,276,30,1
"1978",48,73,165,142,258,15,1
"1979",57,70,191,150,196,30,1
"1980",39,73,185,112,224,25,1
"1981",43,76,320,166,188,0,1
"1982",49,74,201,156,253,40,1
"1983",46,73,205,124,200,0,1
"1984",41,71,145,122,256,27,1
"1985",46,68,135,110,337,12,1
"1986",48,74,172,130,222,55,1
"1987",47,75,160,112,232,0,1
"1988",55,75,225,150,231,20,1
"1989",49,71,225,142,211,0,1
"1990",51,72,165,144,276,20,1
"1991",56,70,170,140,232,45,1
"1992",40,69,168,130,310,0,1
"1993",40,69,140,122,228,20,1
"1994",46,71,174,120,179,0,1
"1995",48,69,175,136,208,30,1
"1996",46,68,135,110,337,12,1
"1997",54,69,160,158,290,4,1
"1998",45,68,170,114,213,40,1
"1999",50,68,139,128,269,0,1
"2000",43,69,165,150,300,20,1
"2001",49,69,175,150,240,50,1
"2002",46,71,174,120,179,0,1
"2003",40,68,165,120,198,0,1
"2004",45,68,173,128,296,30,1
"2005",55,69,158,160,227,30,1
"2006",56,68,175,128,220,50,1
"2007",59,69,165,138,212,0,1
"2008",50,67,152,128,174,0,1
"2009",41,71,160,112,239,30,1
"2010",45,71,140,140,176,20,1
"2011",44,70,185,154,222,40,1
"2012",39,72,188,112,178,20,1
"2013",50,69,168,120,278,20,1
"2014",47,72,187,112,209,37,1
"2015",45,68,173,128,296,30,1
"2016",49,77,210,138,235,0,1
"2017",49,71,145,100,242,20,1
"2018",51,66,185,140,277,25,1
"2019",49,69,175,150,240,50,1
"2020",55,68,171,160,281,20,1
"2021",57,70,187,142,238,0,1
"2022",44,72,190,158,253,14,1
"2023",42,64,147,128,270,35,1
"2024",54,69,160,158,290,4,1
"2025",39,71,186,124,353,30,1
"2026",41,70,200,130,276,30,1
"2027",52,69,148,140,232,20,1
"2028",49,77,210,138,235,0,1
"2029",39,71,186,124,353,30,1
"2030",45,68,173,128,296,30,1
"2031",55,70,175,110,233,0,1
"2032",43,68,178,130,308,35,1
"2033",56,71,187,156,229,0,1
"2034",44,69,167,134,226,35,1
"2035",52,75,195,130,201,10,1
"2036",39,75,170,140,247,50,1
"2037",49,71,145,100,242,20,1
"2038",49,72,175,126,213,0,1
"2039",52,68,153,134,200,30,1
"2040",44,70,185,154,222,40,1
"2041",51,70,186,162,232,7,1
"2042",54,69,157,110,275,22,1
"2043",39,73,185,112,224,25,1
"2044",59,73,175,176,198,0,1
"2045",49,68,182,130,279,0,1
"2046",43,68,162,130,257,0,1
"2047",40,70,168,128,314,0,1
"2048",55,64,130,154,306,5,1
"2049",55,70,180,132,228,30,1
"2050",43,68,150,144,259,0,1
"2051",49,72,175,126,213,0,1
"2052",41,71,182,122,181,30,1
"2053",45,67,160,120,322,25,1
"2054",46,68,175,130,280,25,1
"2055",58,71,176,152,268,0,1
"2056",39,73,185,112,224,25,1
"2057",41,72,188,126,296,35,1
"2058",40,68,165,120,198,0,1
"2059",49,69,175,150,240,50,1
"2060",39,71,151,124,250,0,1
"2061",42,68,165,124,295,0,1
"2062",48,65,150,170,244,0,1
"2063",46,71,174,120,179,0,1
"2064",51,66,156,146,349,35,1
"2065",48,74,172,130,222,55,1
"2066",53,68,148,124,266,15,1
"2067",53,67,138,130,285,30,1
"2068",57,70,180,138,308,0,1
"2069",47,68,181,124,257,20,1
"2070",41,69,150,120,326,20,1
"2071",53,69,180,130,246,0,1
"2072",42,68,165,124,295,0,1
"2073",59,69,165,138,212,0,1
"2074",55,69,158,160,227,30,1
"2075",55,69,190,200,256,0,1
"2076",53,68,154,140,349,30,1
"2077",49,71,225,142,211,0,1
"2078",48,71,175,160,233,40,1
"2079",43,69,190,138,276,0,1
"2080",39,73,196,120,414,35,1
"2081",46,70,170,134,204,0,1
"2082",54,71,160,140,212,40,1
"2083",50,70,165,156,227,0,1
"2084",49,68,182,130,279,0,1
"2085",45,67,168,124,220,9,1
"2086",56,71,187,156,229,0,1
"2087",40,73,205,112,241,0,1
"2088",55,69,190,200,256,0,1
"2089",49,69,165,134,222,18,1
"2090",47,68,165,146,260,0,1
"2091",51,70,186,162,232,7,1
"2092",43,68,162,130,257,0,1
"2093",49,67,165,148,171,20,1
"2094",57,63,155,128,196,0,1
"2095",54,73,165,136,264,16,1
"2096",39,71,190,140,174,0,1
"2097",39,73,185,112,224,25,1
"2098",56,68,205,140,238,0,1
"2099",52,69,180,184,300,20,1
"2100",45,72,207,110,282,0,1
"2101",47,68,181,124,257,20,1
"2102",59,69,185,130,214,30,1
"2103",54,72,185,130,274,40,1
"2104",43,68,178,130,308,35,1
"2105",56,71,187,156,229,0,1
"2106",54,69,157,110,275,22,1
"2107",55,68,171,160,281,20,1
"2108",51,70,177,132,243,30,1
"2109",57,70,159,152,265,7,1
"2110",48,71,175,160,233,40,1
"2111",54,71,160,140,212,40,1
"2112",55,66,150,152,253,0,1
"2113",51,66,156,146,349,35,1
"2114",44,70,185,154,222,40,1
"2115",50,69,185,104,237,20,1
"2116",56,69,161,144,215,30,1
"2117",49,68,185,130,164,0,1
"2118",53,73,185,170,280,0,1
"2119",45,68,170,114,213,40,1
"2120",54,67,200,120,267,20,1
"2121",45,68,170,114,213,40,1
"2122",47,75,160,112,232,0,1
"2123",41,72,188,126,296,35,1
"2124",55,70,175,110,233,0,1
"2125",59,70,191,116,236,0,1
"2126",49,74,201,156,253,40,1
"2127",45,73,173,116,319,45,1
"2128",40,74,185,112,193,0,1
"2129",56,71,190,142,238,0,1
"2130",51,71,164,150,326,40,1
"2131",47,70,198,170,280,20,1
"2132",39,73,185,112,224,25,1
"2133",45,72,180,128,274,40,1
"2134",52,71,157,124,240,20,1
"2135",47,72,178,130,200,0,1
"2136",39,72,183,126,304,0,1
"2137",56,69,202,170,298,0,1
"2138",45,68,160,122,245,25,1
"2139",46,68,135,110,337,12,1
"2140",51,70,188,130,227,45,1
"2141",54,70,185,144,272,0,1
"2142",39,72,200,154,201,20,1
"2143",43,70,180,142,211,0,1
"2144",44,65,138,116,253,35,1
"2145",46,70,170,134,204,0,1
"2146",48,75,175,136,185,0,1
"2147",50,63,135,152,240,20,1
"2148",40,68,165,120,198,0,1
"2149",51,69,180,160,244,20,1
"2150",51,71,164,150,326,40,1
"2151",52,68,170,120,228,0,1
"2152",44,67,157,128,318,20,1
"2153",39,66,160,130,229,0,1
"2154",45,68,173,128,296,30,1
"2155",51,68,164,134,235,20,1
"2156",48,66,147,152,223,40,1
"2157",45,68,178,130,201,0,1
"2158",57,70,187,142,238,0,1
"2159",47,68,165,146,260,0,1
"2160",47,72,178,130,200,0,1
"2161",46,68,175,130,280,25,1
"2162",45,70,140,122,228,20,1
"2163",49,68,185,130,164,0,1
"2164",52,68,170,120,228,0,1
"2165",56,68,205,112,252,30,1
"2166",45,72,207,110,282,0,1
"2167",54,69,167,120,196,30,1
"2168",41,72,188,126,296,35,1
"2169",48,70,182,130,229,15,1
"2170",52,68,170,120,228,0,1
"2171",41,68,148,136,259,30,1
"2172",43,68,162,130,257,0,1
"2173",53,69,170,188,274,40,1
"2174",53,68,183,130,214,0,1
"2175",55,75,225,150,231,20,1
"2176",57,70,180,138,308,0,1
"2177",50,69,185,104,237,20,1
"2178",51,68,164,134,235,20,1
"2179",52,68,153,134,200,30,1
"2180",45,68,160,122,245,25,1
"2181",48,68,162,122,273,0,1
"2182",49,74,201,156,253,40,1
"2183",47,70,165,126,228,0,1
"2184",52,71,157,124,240,20,1
"2185",49,71,145,100,242,20,1
"2186",40,73,205,112,241,0,1
"2187",39,70,158,110,265,0,1
"2188",56,68,205,112,252,30,1
"2189",44,71,175,130,210,30,1
"2190",43,68,150,144,259,0,1
"2191",58,71,176,152,268,0,1
"2192",53,76,265,120,218,31,1
"2193",52,69,148,140,232,20,1
"2194",49,69,190,112,251,0,1
"2195",51,66,185,140,277,25,1
"2196",49,69,175,150,240,50,1
"2197",51,70,180,172,266,15,1
"2198",43,70,180,142,211,0,1
"2199",56,74,180,148,228,30,1
"2200",49,73,165,120,322,0,1
"2201",52,75,195,130,201,10,1
"2202",51,66,185,140,277,25,1
"2203",43,68,162,130,257,0,1
"2204",48,74,172,130,222,55,1
"2205",56,71,190,142,238,0,1
"2206",43,76,320,166,188,0,1
"2207",50,63,135,152,240,20,1
"2208",55,75,225,150,231,20,1
"2209",56,71,187,156,229,0,1
"2210",50,67,152,128,174,0,1
"2211",52,69,148,140,232,20,1
"2212",40,66,155,114,190,20,1
"2213",50,63,135,152,240,20,1
"2214",52,70,160,122,213,25,1
"2215",48,68,180,146,223,0,1
"2216",41,70,183,160,223,0,1
"2217",42,64,147,128,270,35,1
"2218",49,71,225,142,211,0,1
"2219",50,67,152,128,174,0,1
"2220",52,69,180,184,300,20,1
"2221",48,71,178,140,261,60,1
"2222",53,69,180,130,246,0,1
"2223",44,72,190,158,253,14,1
"2224",41,70,183,160,223,0,1
"2225",49,72,175,140,306,40,1
"2226",51,70,177,132,243,30,1
"2227",52,68,170,120,228,0,1
"2228",48,68,162,122,273,0,1
"2229",43,72,193,164,254,50,1
"2230",48,70,182,130,229,15,1
"2231",48,63,137,134,274,12,1
"2232",57,70,180,138,308,0,1
"2233",50,69,185,104,237,20,1
"2234",51,70,180,172,266,15,1
"2235",53,68,180,110,252,0,1
"2236",51,74,205,132,173,0,1
"2237",46,71,175,158,245,20,1
"2238",39,71,186,124,353,30,1
"2239",52,70,165,122,208,25,1
"2240",51,69,180,160,244,20,1
"2241",59,70,150,144,255,20,1
"2242",51,69,180,160,244,20,1
"2243",48,66,147,152,223,40,1
"2244",48,70,170,134,155,0,1
"2245",59,68,180,128,276,20,1
"2246",49,67,165,148,171,20,1
"2247",49,77,210,138,235,0,1
"2248",48,72,180,134,228,30,1
"2249",48,72,180,134,228,30,1
"2250",51,69,155,140,252,0,1
"2251",48,74,172,130,222,55,1
"2252",54,70,185,144,272,0,1
"2253",54,72,185,130,274,40,1
"2254",58,69,165,126,197,15,1
"2255",42,64,147,128,270,35,1
"2256",40,70,168,128,314,0,1
"2257",49,68,182,130,279,0,1
"2258",39,75,170,140,247,50,1
"2259",57,70,191,150,196,30,1
"2260",40,73,205,112,241,0,1
"2261",42,64,147,128,270,35,1
"2262",46,71,220,140,245,30,1
"2263",44,71,180,128,226,20,1
"2264",39,72,183,126,304,0,1
"2265",55,68,165,170,235,0,1
"2266",44,65,158,104,213,0,1
"2267",50,63,135,152,240,20,1
"2268",44,70,185,154,222,40,1
"2269",52,70,160,126,235,0,1
"2270",43,71,160,130,282,40,1
"2271",56,68,175,128,220,50,1
"2272",45,68,160,122,245,25,1
"2273",46,73,205,124,200,0,1
"2274",48,72,180,134,228,30,1
"2275",58,69,165,126,197,15,1
"2276",47,68,181,124,257,20,1
"2277",48,68,162,122,273,0,1
"2278",43,76,320,166,188,0,1
"2279",50,69,157,120,282,30,1
"2280",45,68,160,122,245,25,1
"2281",39,71,190,140,174,0,1
"2282",52,68,170,120,228,0,1
"2283",40,71,228,130,212,0,1
"2284",59,70,150,144,255,20,1
"2285",48,66,185,186,308,20,1
"2286",44,71,180,128,226,20,1
"2287",53,69,170,188,274,40,1
"2288",50,69,185,104,237,20,1
"2289",55,68,171,160,281,20,1
"2290",48,70,170,134,155,0,1
"2291",40,73,205,112,241,0,1
"2292",45,68,160,122,245,25,1
"2293",48,66,147,152,223,40,1
"2294",41,74,185,126,267,25,1
"2295",49,67,175,146,308,0,1
"2296",52,75,195,130,201,10,1
"2297",41,69,150,120,326,20,1
"2298",49,69,165,134,222,18,1
"2299",49,77,210,138,235,0,1
"2300",40,69,168,130,310,0,1
"2301",44,71,176,160,269,0,1
"2302",45,71,140,140,176,20,1
"2303",41,70,200,130,276,30,1
"2304",43,69,165,150,300,20,1
"2305",45,68,173,128,296,30,1
"2306",51,69,164,168,236,0,1
"2307",48,70,170,134,155,0,1
"2308",39,71,186,124,353,30,1
"2309",56,68,175,128,220,50,1
"2310",48,70,170,134,155,0,1
"2311",40,66,155,114,190,20,1
"2312",51,71,170,150,224,20,1
"2313",52,69,148,140,232,20,1
"2314",48,69,175,136,208,30,1
"2315",51,70,170,130,194,20,1
"2316",40,70,200,130,272,0,1
"2317",51,71,164,150,326,40,1
"2318",50,67,152,128,174,0,1
"2319",50,69,157,120,282,30,1
"2320",55,70,175,110,233,0,1
"2321",41,74,185,126,267,25,1
"2322",49,72,175,140,306,40,1
"2323",39,71,190,140,174,0,1
"2324",53,68,148,124,266,15,1
"2325",48,70,180,136,238,15,1
"2326",54,71,160,140,212,40,1
"2327",39,70,165,130,278,20,1
"2328",51,74,205,132,173,0,1
"2329",51,68,164,134,235,20,1
"2330",58,68,180,140,229,0,1
"2331",45,72,207,110,282,0,1
"2332",44,69,172,126,167,20,1
"2333",43,68,178,130,308,35,1
"2334",48,63,137,134,274,12,1
"2335",48,71,178,140,261,60,1
"2336",40,69,140,122,228,20,1
"2337",45,67,160,120,322,25,1
"2338",55,70,175,110,233,0,1
"2339",56,71,165,120,386,30,1
"2340",50,69,157,120,282,30,1
"2341",45,73,205,146,303,12,1
"2342",47,68,181,124,257,20,1
"2343",44,65,158,104,213,0,1
"2344",49,67,165,148,171,20,1
"2345",42,69,165,140,221,40,1
"2346",51,70,188,130,227,45,1
"2347",54,67,200,120,267,20,1
"2348",52,70,134,102,298,25,1
"2349",41,72,145,134,184,30,1
"2350",39,70,165,130,278,20,1
"2351",52,71,188,112,276,0,1
"2352",57,64,140,120,262,0,1
"2353",56,69,202,170,298,0,1
"2354",48,74,172,130,222,55,1
"2355",41,69,150,120,326,20,1
"2356",52,71,157,124,240,20,1
"2357",45,70,140,122,228,20,1
"2358",41,70,183,160,223,0,1
"2359",44,72,175,120,272,30,1
"2360",53,69,170,188,274,40,1
"2361",46,72,175,130,276,40,1
"2362",56,74,180,148,228,30,1
"2363",39,70,165,130,278,20,1
"2364",59,71,172,140,286,30,1
"2365",45,68,173,128,296,30,1
"2366",51,71,170,150,224,20,1
"2367",43,68,150,144,259,0,1
"2368",39,72,176,140,273,0,1
"2369",47,68,165,146,260,0,1
"2370",52,68,153,134,200,30,1
"2371",59,70,175,126,241,0,1
"2372",53,68,180,110,252,0,1
"2373",51,71,170,150,224,20,1
"2374",44,72,190,158,253,14,1
"2375",52,70,160,126,235,0,1
"2376",52,70,134,102,298,25,1
"2377",49,71,225,142,211,0,1
"2378",40,69,168,130,310,0,1
"2379",48,68,180,146,223,0,1
"2380",40,69,168,130,310,0,1
"2381",40,70,200,130,272,0,1
"2382",53,69,180,130,246,0,1
"2383",39,72,200,154,201,20,1
"2384",40,69,168,130,310,0,1
"2385",56,68,205,140,238,0,1
"2386",44,65,158,104,213,0,1
"2387",42,68,155,144,276,30,1
"2388",40,72,175,110,205,0,1
"2389",54,70,185,144,272,0,1
"2390",49,72,175,140,306,40,1
"2391",53,68,148,124,266,15,1
"2392",54,67,140,148,231,40,1
"2393",59,68,180,128,276,20,1
"2394",54,69,157,110,275,22,1
"2395",44,69,167,134,226,35,1
"2396",57,70,187,142,238,0,1
"2397",43,70,180,142,211,0,1
"2398",42,69,165,140,221,40,1
"2399",45,72,180,128,274,40,1
"2400",47,68,181,124,257,20,1
"2401",51,71,200,140,287,20,1
"2402",59,68,180,128,276,20,1
"2403",52,68,170,120,228,0,1
"2404",48,70,180,136,238,15,1
"2405",40,68,165,120,198,0,1
"2406",48,70,170,134,155,0,1
"2407",50,73,190,128,194,30,1
"2408",39,71,170,130,303,25,1
"2409",39,71,190,140,174,0,1
"2410",49,67,173,138,175,0,1
"2411",50,73,190,128,194,30,1
"2412",49,77,210,138,235,0,1
"2413",56,68,205,140,238,0,1
"2414",44,69,172,126,167,20,1
"2415",47,68,181,124,257,20,1
"2416",54,67,200,120,267,20,1
"2417",39,72,176,140,273,0,1
"2418",40,72,175,110,205,0,1
"2419",40,69,168,130,310,0,1
"2420",39,71,168,128,289,40,1
"2421",53,69,138,118,233,42,1
"2422",56,71,196,190,162,0,1
"2423",47,75,160,112,232,0,1
"2424",49,77,210,138,235,0,1
"2425",40,71,228,130,212,0,1
"2426",43,69,190,138,276,0,1
"2427",53,76,265,120,218,31,1
"2428",59,70,170,168,231,0,1
"2429",56,74,180,148,228,30,1
"2430",49,69,190,112,251,0,1
"2431",53,69,170,188,274,40,1
"2432",43,72,193,164,254,50,1
"2433",43,71,160,130,282,40,1
"2434",39,72,176,140,273,0,1
"2435",49,73,165,120,322,0,1
"2436",52,71,157,124,240,20,1
"2437",39,72,175,134,261,30,1
"2438",52,72,190,130,265,0,1
"2439",52,71,157,124,240,20,1
"2440",45,68,173,128,296,30,1
"2441",51,70,186,162,232,7,1
"2442",53,67,138,130,285,30,1
"2443",56,68,175,128,220,50,1
"2444",56,70,170,140,232,45,1
"2445",55,69,158,160,227,30,1
"2446",59,69,185,130,214,30,1
"2447",45,71,140,140,176,20,1
"2448",43,69,165,150,300,20,1
"2449",55,69,190,200,256,0,1
"2450",53,68,154,140,349,30,1
"2451",44,69,172,126,167,20,1
"2452",47,70,198,170,280,20,1
"2453",39,71,168,128,289,40,1
"2454",48,73,186,156,292,20,1
"2455",41,72,188,126,296,35,1
"2456",51,71,170,150,224,20,1
"2457",55,70,175,110,233,0,1
"2458",56,70,170,140,232,45,1
"2459",48,73,186,156,292,20,1
"2460",51,69,180,160,244,20,1
"2461",55,69,190,200,256,0,1
"2462",49,73,165,120,322,0,1
"2463",42,68,155,144,276,30,1
"2464",51,66,185,140,277,25,1
"2465",48,68,162,122,273,0,1
"2466",51,70,170,130,194,20,1
"2467",46,66,174,120,265,20,1
"2468",48,68,180,146,223,0,1
"2469",59,68,180,128,276,20,1
"2470",52,70,160,122,213,25,1
"2471",39,66,160,130,229,0,1
"2472",49,67,135,120,376,20,1
"2473",39,72,175,134,261,30,1
"2474",52,69,180,184,300,20,1
"2475",41,71,145,122,256,27,1
"2476",55,65,181,140,286,0,1
"2477",39,69,170,120,204,30,1
"2478",47,70,165,120,246,20,1
"2479",48,70,180,136,238,15,1
"2480",43,72,195,130,178,0,1
"2481",41,70,183,160,223,0,1
"2482",39,70,165,130,278,20,1
"2483",45,68,160,122,245,25,1
"2484",50,69,185,104,237,20,1
"2485",54,73,165,136,264,16,1
"2486",46,72,175,130,276,40,1
"2487",46,72,175,130,276,40,1
"2488",39,72,183,126,304,0,1
"2489",49,74,201,156,253,40,1
"2490",54,67,140,148,231,40,1
"2491",54,73,165,136,264,16,1
"2492",50,69,157,120,282,30,1
"2493",57,70,187,142,238,0,1
"2494",50,70,165,156,227,0,1
"2495",46,72,173,144,283,20,1
"2496",49,67,135,120,376,20,1
"2497",59,70,175,126,241,0,1
"2498",40,70,200,130,272,0,1
"2499",47,70,198,170,280,20,1
"2500",39,72,175,134,261,30,1
"2501",42,64,147,128,270,35,1
"2502",55,66,150,152,253,0,1
"2503",41,70,183,160,223,0,1
"2504",50,69,168,120,278,20,1
"2505",59,70,191,116,236,0,1
"2506",56,69,161,144,215,30,1
"2507",55,65,181,140,286,0,1
"2508",39,75,170,140,247,50,1
"2509",39,73,185,112,224,25,1
"2510",43,69,165,150,300,20,1
"2511",50,67,152,128,174,0,1
"2512",41,71,226,150,246,30,1
"2513",43,69,165,150,300,20,1
"2514",41,71,226,150,246,30,1
"2515",55,69,158,160,227,30,1
"2516",40,74,185,112,193,0,1
"2517",43,69,165,150,300,20,1
"2518",40,73,205,112,241,0,1
"2519",56,71,165,120,386,30,1
"2520",41,72,145,134,184,30,1
"2521",52,71,157,124,240,20,1
"2522",49,71,225,142,211,0,1
"2523",46,71,174,120,179,0,1
"2524",45,72,180,128,274,40,1
"2525",41,71,145,122,256,27,1
"2526",43,69,190,138,276,0,1
"2527",52,68,170,120,228,0,1
"2528",46,72,173,144,283,20,1
"2529",50,73,190,128,194,30,1
"2530",49,77,210,138,235,0,1
"2531",51,70,180,172,266,15,1
"2532",45,72,207,110,282,0,1
"2533",51,71,164,150,326,40,1
"2534",49,71,225,142,211,0,1
"2535",43,69,190,138,276,0,1
"2536",53,73,185,170,280,0,1
"2537",39,71,151,124,250,0,1
"2538",39,66,160,130,229,0,1
"2539",44,65,138,116,253,35,1
"2540",49,71,145,100,242,20,1
"2541",44,69,167,134,226,35,1
"2542",44,69,172,126,167,20,1
"2543",50,70,210,138,200,0,1
"2544",43,72,193,164,254,50,1
"2545",55,66,150,152,253,0,1
"2546",57,74,226,132,169,17,1
"2547",44,70,171,122,256,30,1
"2548",59,70,191,116,236,0,1
"2549",54,71,168,130,208,20,1
"2550",52,68,153,134,200,30,1
"2551",46,71,174,120,179,0,1
"2552",51,71,164,150,326,40,1
"2553",42,68,155,144,276,30,1
"2554",51,71,170,150,224,20,1
"2555",56,71,190,142,238,0,1
"2556",43,70,156,116,348,15,1
"2557",58,68,180,140,229,0,1
"2558",49,71,225,142,211,0,1
"2559",53,76,265,120,218,31,1
"2560",53,69,138,118,233,42,1
"2561",48,74,172,130,222,55,1
"2562",48,68,162,122,273,0,1
"2563",42,64,147,128,270,35,1
"2564",59,72,200,128,184,0,1
"2565",57,70,191,150,196,30,1
"2566",59,68,180,128,276,20,1
"2567",55,68,171,160,281,20,1
"2568",56,68,205,140,238,0,1
"2569",44,71,176,160,269,0,1
"2570",40,74,185,112,193,0,1
"2571",49,67,175,146,308,0,1
"2572",46,68,135,110,337,12,1
"2573",49,69,167,138,292,0,1
"2574",51,74,205,132,173,0,1
"2575",45,68,160,122,245,25,1
"2576",39,71,170,130,303,25,1
"2577",43,68,162,130,257,0,1
"2578",59,72,200,128,184,0,1
"2579",47,75,160,112,232,0,1
"2580",50,67,152,128,174,0,1
"2581",44,71,176,160,269,0,1
"2582",55,66,150,152,253,0,1
"2583",51,71,200,140,287,20,1
"2584",56,71,190,142,238,0,1
"2585",48,75,175,136,185,0,1
"2586",49,77,210,138,235,0,1
"2587",49,68,182,130,279,0,1
"2588",45,68,160,122,245,25,1
"2589",50,70,210,138,200,0,1
"2590",49,70,175,114,231,5,1
"2591",48,68,180,146,223,0,1
"2592",51,66,156,146,349,35,1
"2593",39,70,180,138,284,0,1
"2594",49,70,150,166,318,20,1
"2595",56,68,175,128,220,50,1
"2596",59,73,175,176,198,0,1
"2597",52,70,165,122,208,25,1
"2598",53,71,174,132,256,30,1
"2599",53,68,183,130,214,0,1
"2600",52,69,145,116,266,20,1
"2601",52,70,175,128,242,0,1
"2602",50,69,185,104,237,20,1
"2603",51,71,164,150,326,40,1
"2604",48,71,175,160,233,40,1
"2605",45,73,205,146,303,12,1
"2606",41,68,148,136,259,30,1
"2607",54,72,185,130,274,40,1
"2608",49,69,165,134,222,18,1
"2609",50,68,139,128,269,0,1
"2610",52,69,148,140,232,20,1
"2611",44,71,176,160,269,0,1
"2612",52,70,160,122,213,25,1
"2613",56,69,202,170,298,0,1
"2614",41,72,188,126,296,35,1
"2615",43,68,150,144,259,0,1
"2616",43,69,165,150,300,20,1
"2617",45,68,178,130,201,0,1
"2618",59,72,160,130,241,60,1
"2619",53,69,180,130,246,0,1
"2620",59,70,170,168,231,0,1
"2621",53,73,185,170,280,0,1
"2622",49,72,175,126,213,0,1
"2623",40,71,228,130,212,0,1
"2624",53,67,138,130,285,30,1
"2625",49,69,167,138,292,0,1
"2626",56,74,180,148,228,30,1
"2627",58,71,208,148,246,0,1
"2628",57,70,159,152,265,7,1
"2629",54,73,165,136,264,16,1
"2630",53,68,183,130,214,0,1
"2631",41,74,185,126,267,25,1
"2632",43,70,156,116,348,15,1
"2633",55,68,171,160,281,20,1
"2634",48,69,175,136,208,30,1
"2635",52,69,145,116,266,20,1
"2636",51,71,164,150,326,40,1
"2637",46,70,173,160,311,40,1
"2638",55,69,158,160,227,30,1
"2639",54,73,165,136,264,16,1
"2640",53,73,185,170,280,0,1
"2641",48,68,180,146,223,0,1
"2642",39,71,190,140,174,0,1
"2643",49,69,190,112,251,0,1
"2644",45,67,160,120,322,25,1
"2645",41,72,145,134,184,30,1
"2646",46,71,220,140,245,30,1
"2647",52,68,170,120,228,0,1
"2648",52,71,188,112,276,0,1
"2649",52,72,190,130,265,0,1
"2650",43,70,156,116,348,15,1
"2651",54,69,160,158,290,4,1
"2652",57,70,187,142,238,0,1
"2653",41,74,180,164,269,0,1
"2654",40,66,155,114,190,20,1
"2655",46,68,135,110,337,12,1
"2656",49,68,182,130,279,0,1
"2657",49,68,182,130,279,0,1
"2658",43,69,165,150,300,20,1
"2659",42,72,170,140,262,20,1
"2660",46,66,174,120,265,20,1
"2661",50,72,173,144,238,50,1
"2662",43,70,210,154,645,0,1
"2663",57,63,155,128,196,0,1
"2664",50,69,157,120,282,30,1
"2665",57,74,226,132,169,17,1
"2666",44,71,176,160,269,0,1
"2667",54,72,185,130,274,40,1
"2668",51,71,200,140,287,20,1
"2669",42,72,170,140,262,20,1
"2670",40,74,185,112,193,0,1
"2671",57,70,187,142,238,0,1
"2672",53,68,154,140,349,30,1
"2673",49,70,150,166,318,20,1
"2674",51,69,180,160,244,20,1
"2675",49,77,210,138,235,0,1
"2676",49,67,173,138,175,0,1
"2677",50,73,190,128,194,30,1
"2678",48,73,165,142,258,15,1
"2679",43,70,210,154,645,0,1
"2680",41,74,180,164,269,0,1
"2681",42,72,170,140,262,20,1
"2682",43,70,210,154,645,0,1
"2683",40,72,195,118,219,20,1
"2684",39,70,160,130,256,30,1
"2685",51,72,165,144,276,20,1
"2686",45,72,180,128,274,40,1
"2687",45,70,140,122,228,20,1
"2688",40,71,228,130,212,0,1
"2689",45,70,140,122,228,20,1
"2690",52,68,170,120,228,0,1
"2691",54,72,185,130,274,40,1
"2692",48,71,178,140,261,60,1
"2693",52,69,180,184,300,20,1
"2694",59,72,160,130,241,60,1
"2695",48,71,178,140,261,60,1
"2696",43,72,193,164,254,50,1
"2697",49,71,225,142,211,0,1
"2698",49,67,135,120,376,20,1
"2699",57,70,159,152,265,7,1
"2700",49,70,150,166,318,20,1
"2701",49,68,182,130,279,0,1
"2702",55,70,175,110,233,0,1
"2703",46,72,175,130,276,40,1
"2704",41,71,145,122,256,27,1
"2705",47,70,165,126,228,0,1
"2706",44,65,158,104,213,0,1
"2707",41,71,160,112,239,30,1
"2708",58,69,165,126,197,15,1
"2709",51,72,165,144,276,20,1
"2710",44,71,176,160,269,0,1
"2711",45,67,168,124,220,9,1
"2712",41,68,148,136,259,30,1
"2713",49,69,160,120,236,20,1
"2714",40,69,140,122,228,20,1
"2715",54,69,160,158,290,4,1
"2716",39,66,160,130,229,0,1
"2717",51,71,170,150,224,20,1
"2718",54,67,200,120,267,20,1
"2719",56,71,190,142,238,0,1
"2720",59,70,170,168,231,0,1
"2721",57,74,226,132,169,17,1
"2722",48,69,175,136,208,30,1
"2723",53,73,185,170,280,0,1
"2724",49,67,135,120,376,20,1
"2725",50,69,168,120,278,20,1
"2726",45,73,205,146,303,12,1
"2727",57,63,155,128,196,0,1
"2728",55,65,181,140,286,0,1
"2729",41,69,150,120,326,20,1
"2730",49,67,165,148,171,20,1
"2731",48,71,178,140,261,60,1
"2732",46,71,174,120,179,0,1
"2733",43,69,190,138,276,0,1
"2734",43,71,160,130,282,40,1
"2735",44,71,180,128,226,20,1
"2736",52,70,175,128,242,0,1
"2737",55,66,150,152,253,0,1
"2738",46,70,173,160,311,40,1
"2739",56,71,196,190,162,0,1
"2740",51,69,164,168,236,0,1
"2741",48,63,137,134,274,12,1
"2742",43,70,156,116,348,15,1
"2743",51,72,165,144,276,20,1
"2744",41,71,160,112,239,30,1
"2745",49,73,165,120,322,0,1
"2746",56,70,178,142,237,0,1
"2747",55,75,225,150,231,20,1
"2748",43,68,178,130,308,35,1
"2749",59,70,170,168,231,0,1
"2750",53,69,138,118,233,42,1
"2751",39,73,185,112,224,25,1
"2752",48,68,175,170,218,6,1
"2753",43,72,195,130,178,0,1
"2754",48,71,175,160,233,40,1
"2755",59,70,191,116,236,0,1
"2756",42,68,155,144,276,30,1
"2757",49,70,150,166,318,20,1
"2758",52,69,180,184,300,20,1
"2759",40,70,200,130,272,0,1
"2760",46,73,205,124,200,0,1
"2761",42,64,147,128,270,35,1
"2762",57,74,226,132,169,17,1
"2763",50,69,157,120,282,30,1
"2764",56,69,202,170,298,0,1
"2765",57,74,226,132,169,17,1
"2766",48,74,172,130,222,55,1
"2767",43,71,185,130,256,25,1
"2768",52,68,170,120,228,0,1
"2769",48,63,137,134,274,12,1
"2770",40,70,200,130,272,0,1
"2771",44,69,167,134,226,35,1
"2772",49,69,190,112,251,0,1
"2773",40,66,155,114,190,20,1
"2774",43,68,178,130,308,35,1
"2775",53,68,148,124,266,15,1
"2776",50,69,157,120,282,30,1
"2777",52,68,153,134,200,30,1
"2778",54,72,185,130,274,40,1
"2779",53,76,265,120,218,31,1
"2780",49,67,173,138,175,0,1
"2781",53,68,154,140,349,30,1
"2782",43,72,195,130,178,0,1
"2783",56,69,161,144,215,30,1
"2784",51,68,164,134,235,20,1
"2785",49,70,175,114,231,5,1
"2786",46,72,173,144,283,20,1
"2787",50,72,173,144,238,50,1
"2788",51,70,186,162,232,7,1
"2789",43,70,180,142,211,0,1
"2790",54,71,168,130,208,20,1
"2791",52,70,160,122,213,25,1
"2792",46,73,205,124,200,0,1
"2793",45,68,173,128,296,30,1
"2794",41,70,200,130,276,30,1
"2795",48,68,175,170,218,6,1
"2796",40,70,200,130,272,0,1
"2797",49,77,210,138,235,0,1
"2798",49,68,185,130,164,0,1
"2799",58,69,165,126,197,15,1
"2800",58,71,208,148,246,0,1
"2801",44,69,167,134,226,35,1
"2802",55,64,130,154,306,5,1
"2803",51,70,188,130,227,45,1
"2804",44,71,176,160,269,0,1
"2805",49,71,225,142,211,0,1
"2806",44,65,158,104,213,0,1
"2807",44,67,157,128,318,20,1
"2808",51,72,165,144,276,20,1
"2809",48,75,175,136,185,0,1
"2810",52,70,134,102,298,25,1
"2811",41,71,182,122,181,30,1
"2812",52,71,157,124,240,20,1
"2813",41,72,145,134,184,30,1
"2814",57,63,155,128,196,0,1
"2815",39,72,200,154,201,20,1
"2816",51,66,156,146,349,35,1
"2817",54,69,157,110,275,22,1
"2818",42,64,147,128,270,35,1
"2819",54,72,185,130,274,40,1
"2820",56,69,202,170,298,0,1
"2821",45,68,173,128,296,30,1
"2822",53,73,185,170,280,0,1
"2823",55,64,130,154,306,5,1
"2824",41,68,148,136,259,30,1
"2825",49,69,190,112,251,0,1
"2826",44,72,190,158,253,14,1
"2827",50,69,185,104,237,20,1
"2828",45,71,140,140,176,20,1
"2829",53,68,148,124,266,15,1
"2830",59,70,175,126,241,0,1
"2831",49,68,185,130,164,0,1
"2832",49,69,175,150,240,50,1
"2833",48,75,175,136,185,0,1
"2834",44,72,190,158,253,14,1
"2835",56,70,178,142,237,0,1
"2836",51,74,205,132,173,0,1
"2837",49,71,225,142,211,0,1
"2838",50,73,190,128,194,30,1
"2839",40,66,155,114,190,20,1
"2840",49,69,167,138,292,0,1
"2841",59,70,170,168,231,0,1
"2842",49,69,175,150,240,50,1
"2843",54,69,167,120,196,30,1
"2844",39,73,196,120,414,35,1
"2845",52,74,200,120,196,30,1
"2846",49,67,165,148,171,20,1
"2847",54,72,185,130,274,40,1
"2848",47,68,181,124,257,20,1
"2849",49,69,175,150,240,50,1
"2850",52,70,160,122,213,25,1
"2851",39,72,200,154,201,20,1
"2852",42,68,155,144,276,30,1
"2853",45,68,173,128,296,30,1
"2854",53,71,210,140,286,0,1
"2855",59,70,191,116,236,0,1
"2856",43,72,195,130,178,0,1
"2857",50,67,152,128,174,0,1
"2858",51,70,177,132,243,30,1
"2859",53,69,170,188,274,40,1
"2860",59,68,180,128,276,20,1
"2861",49,77,210,138,235,0,1
"2862",45,68,178,130,201,0,1
"2863",44,72,191,136,239,30,1
"2864",52,68,153,134,200,30,1
"2865",39,71,186,124,353,30,1
"2866",54,73,165,136,264,16,1
"2867",53,68,148,124,266,15,1
"2868",54,67,140,148,231,40,1
"2869",50,63,135,152,240,20,1
"2870",45,67,168,124,220,9,1
"2871",40,74,185,112,193,0,1
"2872",59,70,191,116,236,0,1
"2873",45,71,140,140,176,20,1
"2874",50,70,210,138,200,0,1
"2875",39,71,168,128,289,40,1
"2876",55,66,150,152,253,0,1
"2877",50,67,152,128,174,0,1
"2878",50,69,165,114,279,15,1
"2879",53,69,180,130,246,0,1
"2880",46,70,170,134,204,0,1
"2881",51,70,186,162,232,7,1
"2882",49,68,185,130,164,0,1
"2883",52,69,180,184,300,20,1
"2884",49,71,225,142,211,0,1
"2885",56,69,202,170,298,0,1
"2886",45,68,160,122,245,25,1
"2887",48,71,175,160,233,40,1
"2888",48,75,175,136,185,0,1
"2889",39,66,160,130,229,0,1
"2890",45,67,160,120,322,25,1
"2891",48,66,185,186,308,20,1
"2892",44,69,172,126,167,20,1
"2893",48,68,175,170,218,6,1
"2894",47,70,198,170,280,20,1
"2895",45,71,140,140,176,20,1
"2896",56,69,161,144,215,30,1
"2897",49,72,175,126,213,0,1
"2898",49,72,175,140,306,40,1
"2899",47,75,160,112,232,0,1
"2900",56,70,178,142,237,0,1
"2901",54,69,157,110,275,22,1
"2902",55,75,225,150,231,20,1
"2903",50,69,168,120,278,20,1
"2904",53,67,138,130,285,30,1
"2905",59,70,191,116,236,0,1
"2906",57,70,180,138,308,0,1
"2907",48,66,147,152,223,40,1
"2908",48,70,182,130,229,15,1
"2909",45,73,173,116,319,45,1
"2910",51,70,180,172,266,15,1
"2911",55,65,181,140,286,0,1
"2912",50,73,190,128,194,30,1
"2913",48,66,185,186,308,20,1
"2914",44,71,176,160,269,0,1
"2915",51,69,164,168,236,0,1
"2916",53,73,185,170,280,0,1
"2917",48,66,185,186,308,20,1
"2918",51,70,186,162,232,7,1
"2919",50,63,135,152,240,20,1
"2920",51,71,170,150,224,20,1
"2921",46,71,175,158,245,20,1
"2922",49,71,225,142,211,0,1
"2923",45,72,207,110,282,0,1
"2924",41,71,145,122,256,27,1
"2925",49,70,150,166,318,20,1
"2926",47,70,165,120,246,20,1
"2927",42,69,165,140,221,40,1
"2928",58,69,165,126,197,15,1
"2929",39,70,180,138,284,0,1
"2930",47,70,165,126,228,0,1
"2931",56,70,178,142,237,0,1
"2932",56,71,190,142,238,0,1
"2933",55,69,190,200,256,0,1
"2934",48,71,178,140,261,60,1
"2935",55,64,130,154,306,5,1
"2936",56,69,202,170,298,0,1
"2937",39,71,190,140,174,0,1
"2938",48,70,170,134,155,0,1
"2939",47,72,187,112,209,37,1
"2940",53,71,174,132,256,30,1
"2941",46,70,173,160,311,40,1
"2942",39,70,180,138,284,0,1
"2943",49,70,175,114,231,5,1
"2944",39,71,186,124,353,30,1
"2945",53,73,185,170,280,0,1
"2946",46,72,173,144,283,20,1
"2947",40,66,155,114,190,20,1
"2948",43,71,185,130,256,25,1
"2949",52,70,160,122,213,25,1
"2950",56,68,205,140,238,0,1
"2951",42,69,165,140,221,40,1
"2952",40,72,175,110,205,0,1
"2953",45,73,205,146,303,12,1
"2954",44,67,157,128,318,20,1
"2955",58,68,180,140,229,0,1
"2956",45,72,207,110,282,0,1
"2957",57,70,191,150,196,30,1
"2958",52,70,160,122,213,25,1
"2959",49,75,168,120,250,20,1
"2960",47,68,165,146,260,0,1
"2961",43,68,162,130,257,0,1
"2962",46,71,174,120,179,0,1
"2963",51,69,180,160,244,20,1
"2964",50,67,152,128,174,0,1
"2965",53,73,185,170,280,0,1
"2966",57,70,159,152,265,7,1
"2967",39,72,188,112,178,20,1
"2968",41,69,150,120,326,20,1
"2969",40,69,140,122,228,20,1
"2970",39,71,170,130,303,25,1
"2971",55,64,130,154,306,5,1
"2972",59,70,150,144,255,20,1
"2973",48,73,186,156,292,20,1
"2974",39,71,151,124,250,0,1
"2975",59,72,160,130,241,60,1
"2976",49,74,201,156,253,40,1
"2977",39,71,190,140,174,0,1
"2978",53,71,174,132,256,30,1
"2979",39,71,151,124,250,0,1
"2980",47,75,160,112,232,0,1
"2981",44,71,176,160,269,0,1
"2982",46,70,170,134,204,0,1
"2983",39,71,190,140,174,0,1
"2984",47,70,165,120,246,20,1
"2985",56,71,196,190,162,0,1
"2986",40,66,155,114,190,20,1
"2987",54,71,160,140,212,40,1
"2988",47,75,160,112,232,0,1
"2989",54,72,185,130,274,40,1
"2990",44,70,171,122,256,30,1
"2991",48,68,175,170,218,6,1
"2992",49,70,175,114,231,5,1
"2993",47,70,165,126,228,0,1
"2994",39,71,151,124,250,0,1
"2995",48,73,165,142,258,15,1
"2996",39,71,168,128,289,40,1
"2997",39,70,165,130,278,20,1
"2998",56,68,175,128,220,50,1
"2999",45,73,173,116,319,45,1
"3000",51,71,200,140,287,20,1
"3001",51,70,177,132,243,30,1
"3002",39,71,170,130,303,25,1
"3003",44,72,175,120,272,30,1
"3004",47,70,198,170,280,20,1
"3005",40,69,140,122,228,20,1
"3006",51,70,188,130,227,45,1
"3007",42,64,147,128,270,35,1
"3008",51,71,170,150,224,20,1
"3009",40,68,165,120,198,0,1
"3010",50,72,173,144,238,50,1
"3011",41,69,150,120,326,20,1
"3012",49,69,190,112,251,0,1
"3013",45,72,207,110,282,0,1
"3014",54,67,140,148,231,40,1
"3015",45,71,140,140,176,20,1
"3016",52,70,165,122,208,25,1
"3017",39,75,170,140,247,50,1
"3018",52,68,153,134,200,30,1
"3019",57,74,226,132,169,17,1
"3020",53,68,180,110,252,0,1
"3021",48,63,137,134,274,12,1
"3022",54,72,185,130,274,40,1
"3023",53,69,180,130,246,0,1
"3024",43,71,160,130,282,40,1
"3025",48,74,172,130,222,55,1
"3026",51,70,186,162,232,7,1
"3027",49,70,150,166,318,20,1
"3028",41,71,145,122,256,27,1
"3029",49,71,225,142,211,0,1
"3030",53,69,170,188,274,40,1
"3031",52,71,188,112,276,0,1
"3032",39,75,170,140,247,50,1
"3033",51,70,186,162,232,7,1
"3034",39,70,158,110,265,0,1
"3035",44,69,167,134,226,35,1
"3036",57,70,180,138,308,0,1
"3037",39,73,185,112,224,25,1
"3038",49,72,175,140,306,40,1
"3039",43,70,210,154,645,0,1
"3040",51,68,147,190,241,0,1
"3041",59,70,175,126,241,0,1
"3042",56,69,202,170,298,0,1
"3043",45,67,160,120,322,25,1
"3044",53,73,185,170,280,0,1
"3045",54,73,165,136,264,16,1
"3046",51,72,165,144,276,20,1
"3047",50,69,165,114,279,15,1
"3048",51,71,164,150,326,40,1
"3049",40,68,165,120,198,0,1
"3050",45,72,180,128,274,40,1
"3051",51,69,164,168,236,0,1
"3052",56,71,190,142,238,0,1
"3053",58,71,176,152,268,0,1
"3054",59,69,165,138,212,0,1
"3055",44,71,175,130,210,30,1
"3056",52,69,148,140,232,20,1
"3057",47,68,181,124,257,20,1
"3058",56,68,205,112,252,30,1
"3059",57,70,191,150,196,30,1
"3060",44,69,167,134,226,35,1
"3061",45,68,160,122,245,25,1
"3062",48,70,182,130,229,15,1
"3063",41,72,188,126,296,35,1
"3064",52,71,188,112,276,0,1
"3065",49,72,175,126,213,0,1
"3066",48,70,180,140,271,40,1
"3067",49,73,165,120,322,0,1
"3068",54,70,185,144,272,0,1
"3069",52,70,165,122,208,25,1
"3070",40,72,195,118,219,20,1
"3071",51,68,147,190,241,0,1
"3072",39,72,176,140,273,0,1
"3073",51,69,180,160,244,20,1
"3074",51,71,170,150,224,20,1
"3075",48,69,175,136,208,30,1
"3076",45,67,168,124,220,9,1
"3077",44,70,185,154,222,40,1
"3078",49,72,175,140,306,40,1
"3079",51,69,180,160,244,20,1
"3080",56,68,205,140,238,0,1
"3081",53,69,138,118,233,42,1
"3082",59,72,200,128,184,0,1
"3083",48,70,180,140,271,40,1
"3084",39,75,170,140,247,50,1
"3085",43,68,162,130,257,0,1
"3086",47,68,165,146,260,0,1
"3087",51,70,180,172,266,15,1
"3088",50,73,190,128,194,30,1
"3089",46,70,173,160,311,40,1
"3090",50,70,210,138,200,0,1
"3091",43,68,178,130,308,35,1
"3092",44,72,175,120,272,30,1
"3093",48,69,175,136,208,30,1
"3094",41,71,182,122,181,30,1
"3095",41,70,183,160,223,0,1
"3096",43,76,320,166,188,0,1
"3097",45,71,140,140,176,20,1
"3098",48,71,175,160,233,40,1
"3099",54,65,150,122,307,0,1
"3100",39,71,151,124,250,0,1
"3101",49,67,175,146,308,0,1
"3102",48,68,175,170,218,6,1
"3103",50,72,173,144,238,50,1
"3104",58,71,176,152,268,0,1
"3105",40,71,228,130,212,0,1
"3106",45,67,160,120,322,25,1
"3107",48,73,165,142,258,15,1
"3108",54,71,168,130,208,20,1
"3109",46,71,175,158,245,20,1
"3110",56,68,205,112,252,30,1
"3111",45,72,180,128,274,40,1
"3112",50,69,168,120,278,20,1
"3113",49,67,175,146,308,0,1
"3114",41,70,200,130,276,30,1
"3115",41,70,200,130,276,30,1
"3116",54,70,185,144,272,0,1
"3117",39,71,151,124,250,0,1
"3118",55,69,190,200,256,0,1
"3119",46,71,174,120,179,0,1
"3120",56,68,175,128,220,50,1
"3121",58,69,165,126,197,15,1
"3122",50,70,165,156,227,0,1
"3123",51,70,177,132,243,30,1
"3124",54,71,160,140,212,40,1
"3125",43,70,180,142,211,0,1
"3126",43,76,320,166,188,0,1
"3127",55,66,150,152,253,0,1
"3128",51,69,164,168,236,0,1
"3129",45,67,168,124,220,9,1
"3130",44,69,172,126,167,20,1
"3131",49,72,175,126,213,0,1
"3132",44,72,191,136,239,30,1
"3133",39,71,168,128,289,40,1
"3134",55,68,171,160,281,20,1
"3135",39,73,185,112,224,25,1
"3136",52,71,188,112,276,0,1
"3137",50,68,139,128,269,0,1
"3138",41,74,185,126,267,25,1
"3139",48,70,180,136,238,15,1
"3140",44,72,190,158,253,14,1
"3141",46,68,175,130,280,25,1
"3142",56,71,187,156,229,0,1
